0	Unknown	0	0	0	0	0
1	Left-Cerebral-Exterior	0.27451	0.509804	0.705882	0	0.0657552
2	Left-Cerebral-White-Matter	0.960784	0.960784	0.960784	0	0.0664062
3	Left-Cerebral-Cortex	0.803922	0.243137	0.305882	0	0.0670573
4	Left-Lateral-Ventricle	0.470588	0.0705882	0.52549	0	0.0677083
5	Left-Inf-Lat-Vent	0.768627	0.227451	0.980392	0	0.0683594
6	Left-Cerebellum-Exterior	0	0.580392	0	0	0.0690104
7	Left-Cerebellum-White-Matter	0.862745	0.972549	0.643137	0	0.0696615
8	Left-Cerebellum-Cortex	0.901961	0.580392	0.133333	0	0.0703125
9	Left-Thalamus-unused	0	0.462745	0.054902	0	0.0709635
10	Left-Thalamus	0	0.462745	0.054902	0	0.0716146
11	Left-Caudate	0.478431	0.729412	0.862745	0	0.0722656
12	Left-Putamen	0.92549	0.0509804	0.690196	0	0.0729167
13	Left-Pallidum	0.0470588	0.188235	1	0	0.0735677
14	3rd-Ventricle	0.8	0.713726	0.556863	0	0.0742188
15	4th-Ventricle	0.164706	0.8	0.643137	0	0.0748698
16	Brain-Stem	0.466667	0.623529	0.690196	0	0.0755208
17	Left-Hippocampus	0.862745	0.847059	0.0784314	0	0.0761719
18	Left-Amygdala	0.403922	1	1	0	0.0768229
19	Left-Insula	0.313726	0.768627	0.384314	0	0.077474
20	Left-Operculum	0.235294	0.227451	0.823529	0	0.078125
21	Line-1	0.235294	0.227451	0.823529	0	0.078776
22	Line-2	0.235294	0.227451	0.823529	0	0.0794271
23	Line-3	0.235294	0.227451	0.823529	0	0.0800781
24	CSF	0.235294	0.235294	0.235294	0	0.0807292
25	Left-Lesion	1	0.647059	0	0	0.0813802
26	Left-Accumbens-area	1	0.647059	0	0	0.0820312
27	Left-Substancia-Nigra	0	1	0.498039	0	0.0826823
28	Left-VentralDC	0.647059	0.164706	0.164706	0	0.0833333
29	Left-undetermined	0.529412	0.807843	0.921569	0	0.0839844
30	Left-vessel	0.627451	0.12549	0.941176	0	0.0846354
31	Left-choroid-plexus	0	0.784314	0.784314	0	0.0852865
32	Left-F3orb	0.392157	0.196078	0.392157	0	0.0859375
33	Left-lOg	0.529412	0.196078	0.290196	0	0.0865885
34	Left-aOg	0.478431	0.529412	0.196078	0	0.0872396
35	Left-mOg	0.2	0.196078	0.529412	0	0.0878906
36	Left-pOg	0.290196	0.607843	0.235294	0	0.0885417
37	Left-Stellate	0.470588	0.243137	0.168627	0	0.0891927
38	Left-Porg	0.290196	0.607843	0.235294	0	0.0898438
39	Left-Aorg	0.478431	0.529412	0.196078	0	0.0904948
40	Right-Cerebral-Exterior	0.27451	0.509804	0.705882	0	0.0911458
41	Right-Cerebral-White-Matter	0.960784	0.960784	0.960784	0	0.0917969
42	Right-Cerebral-Cortex	0.803922	0.243137	0.305882	0	0.0924479
43	Right-Lateral-Ventricle	0.470588	0.0705882	0.52549	0	0.093099
44	Right-Inf-Lat-Vent	0.768627	0.227451	0.980392	0	0.09375
45	Right-Cerebellum-Exterior	0	0.580392	0	0	0.094401
46	Right-Cerebellum-White-Matter	0.862745	0.972549	0.643137	0	0.0950521
47	Right-Cerebellum-Cortex	0.901961	0.580392	0.133333	0	0.0957031
48	Right-Thalamus-unused	0	0.462745	0.054902	0	0.0963542
49	Right-Thalamus	0	0.462745	0.054902	0	0.0970052
50	Right-Caudate	0.478431	0.729412	0.862745	0	0.0976562
51	Right-Putamen	0.92549	0.0509804	0.690196	0	0.0983073
52	Right-Pallidum	0.0509804	0.188235	1	0	0.0989583
53	Right-Hippocampus	0.862745	0.847059	0.0784314	0	0.0996094
54	Right-Amygdala	0.403922	1	1	0	0.10026
55	Right-Insula	0.313726	0.768627	0.384314	0	0.100911
56	Right-Operculum	0.235294	0.227451	0.823529	0	0.101562
57	Right-Lesion	1	0.647059	0	0	0.102214
58	Right-Accumbens-area	1	0.647059	0	0	0.102865
59	Right-Substancia-Nigra	0	1	0.498039	0	0.103516
60	Right-VentralDC	0.647059	0.164706	0.164706	0	0.104167
61	Right-undetermined	0.529412	0.807843	0.921569	0	0.104818
62	Right-vessel	0.627451	0.12549	0.941176	0	0.105469
63	Right-choroid-plexus	0	0.784314	0.866667	0	0.10612
64	Right-F3orb	0.392157	0.196078	0.392157	0	0.106771
65	Right-lOg	0.529412	0.196078	0.290196	0	0.107422
66	Right-aOg	0.478431	0.529412	0.196078	0	0.108073
67	Right-mOg	0.2	0.196078	0.529412	0	0.108724
68	Right-pOg	0.290196	0.607843	0.235294	0	0.109375
69	Right-Stellate	0.470588	0.243137	0.168627	0	0.110026
70	Right-Porg	0.290196	0.607843	0.235294	0	0.110677
71	Right-Aorg	0.478431	0.529412	0.196078	0	0.111328
72	5th-Ventricle	0.470588	0.745098	0.588235	0	0.111979
73	Left-Interior	0.478431	0.529412	0.196078	0	0.11263
74	Right-Interior	0.478431	0.529412	0.196078	0	0.113281
77	WM-hypointensities	0.784314	0.27451	1	0	0.113932
78	Left-WM-hypointensities	1	0.580392	0.0392157	0	0.114583
79	Right-WM-hypointensities	1	0.580392	0.0392157	0	0.115234
80	non-WM-hypointensities	0.643137	0.423529	0.886275	0	0.115885
81	Left-non-WM-hypointensities	0.643137	0.423529	0.886275	0	0.116536
82	Right-non-WM-hypointensities	0.643137	0.423529	0.886275	0	0.117188
83	Left-F1	1	0.854902	0.72549	0	0.117839
84	Right-F1	1	0.854902	0.72549	0	0.11849
85	Optic-Chiasm	0.917647	0.662745	0.117647	0	0.119141
192	Corpus_Callosum	0.980392	1	0.196078	0	0.119792
86	Left_future_WMSA	0.784314	0.470588	1	0	0.120443
87	Right_future_WMSA	0.784314	0.47451	1	0	0.121094
88	future_WMSA	0.784314	0.478431	1	0	0.121745
96	Left-Amygdala-Anterior	0.803922	0.0392157	0.490196	0	0.122396
97	Right-Amygdala-Anterior	0.803922	0.0392157	0.490196	0	0.123047
98	Dura	0.627451	0.12549	0.941176	0	0.123698
99	Lesion	1	0.647059	0	0	0.124349
100	Left-wm-intensity-abnormality	0.486275	0.54902	0.698039	0	0.125
101	Left-caudate-intensity-abnormality	0.490196	0.54902	0.698039	0	0.125651
102	Left-putamen-intensity-abnormality	0.494118	0.54902	0.698039	0	0.126302
103	Left-accumbens-intensity-abnormality	0.498039	0.54902	0.698039	0	0.126953
104	Left-pallidum-intensity-abnormality	0.486275	0.552941	0.698039	0	0.127604
105	Left-amygdala-intensity-abnormality	0.486275	0.556863	0.698039	0	0.128255
106	Left-hippocampus-intensity-abnormality	0.486275	0.560784	0.698039	0	0.128906
107	Left-thalamus-intensity-abnormality	0.486275	0.564706	0.698039	0	0.129557
108	Left-VDC-intensity-abnormality	0.486275	0.54902	0.701961	0	0.130208
109	Right-wm-intensity-abnormality	0.486275	0.54902	0.698039	0	0.130859
110	Right-caudate-intensity-abnormality	0.490196	0.54902	0.698039	0	0.13151
111	Right-putamen-intensity-abnormality	0.494118	0.54902	0.698039	0	0.132161
112	Right-accumbens-intensity-abnormality	0.498039	0.54902	0.698039	0	0.132812
113	Right-pallidum-intensity-abnormality	0.486275	0.552941	0.698039	0	0.133464
114	Right-amygdala-intensity-abnormality	0.486275	0.556863	0.698039	0	0.134115
115	Right-hippocampus-intensity-abnormality	0.486275	0.560784	0.698039	0	0.134766
116	Right-thalamus-intensity-abnormality	0.486275	0.564706	0.698039	0	0.135417
117	Right-VDC-intensity-abnormality	0.486275	0.54902	0.701961	0	0.136068
118	Epidermis	1	0.0784314	0.576471	0	0.136719
119	Conn-Tissue	0.803922	0.701961	0.545098	0	0.13737
120	SC-Fat-Muscle	0.933333	0.933333	0.819608	0	0.138021
121	Cranium	0.784314	0.784314	0.784314	0	0.138672
122	CSF-SA	0.290196	1	0.290196	0	0.139323
123	Muscle	0.933333	0	0	0	0.139974
124	Ear	0	0	0.545098	0	0.140625
125	Adipose	0.678431	1	0.184314	0	0.141276
126	Spinal-Cord	0.521569	0.796078	0.898039	0	0.141927
127	Soft-Tissue	0.101961	0.929412	0.223529	0	0.142578
128	Nerve	0.133333	0.545098	0.133333	0	0.143229
129	Bone	0.117647	0.564706	1	0	0.14388
130	AirCavity	0.768627	0.627451	0.501961	0	0.144531
131	Orbital-Fat	0.933333	0.231373	0.231373	0	0.145182
132	Tongue	0.866667	0.152941	0.784314	0	0.145833
133	Nasal-Structures	0.933333	0.682353	0.933333	0	0.146484
134	Globe	1	0	0	0	0.147135
135	Teeth	0.282353	0.239216	0.545098	0	0.147786
136	Left-Caudate-Putamen	0.0823529	0.152941	0.517647	0	0.148438
137	Right-Caudate-Putamen	0.0823529	0.152941	0.517647	0	0.149089
138	Left-Claustrum	0.254902	0.529412	0.0784314	0	0.14974
139	Right-Claustrum	0.254902	0.529412	0.0784314	0	0.150391
140	Cornea	0.52549	0.0156863	0.627451	0	0.151042
142	Diploe	0.866667	0.886275	0.266667	0	0.151693
143	Vitreous-Humor	1	1	0.996078	0	0.152344
144	Lens	0.203922	0.819608	0.886275	0	0.152995
145	Aqueous-Humor	0.937255	0.627451	0.87451	0	0.153646
146	Outer-Table	0.27451	0.509804	0.705882	0	0.154297
147	Inner-Table	0.27451	0.509804	0.709804	0	0.154948
148	Periosteum	0.545098	0.47451	0.368627	0	0.155599
149	Endosteum	0.878431	0.878431	0.878431	0	0.15625
150	R-C-S	1	0	0	0	0.156901
151	Iris	0.803922	0.803922	0	0	0.157552
152	SC-Adipose-Muscle	0.933333	0.933333	0.819608	0	0.158203
153	SC-Tissue	0.545098	0.47451	0.368627	0	0.158854
154	Orbital-Adipose	0.933333	0.231373	0.231373	0	0.159505
155	Left-IntCapsule-Ant	0.933333	0.231373	0.231373	0	0.160156
156	Right-IntCapsule-Ant	0.933333	0.231373	0.231373	0	0.160807
157	Left-IntCapsule-Pos	0.243137	0.0392157	0.803922	0	0.161458
158	Right-IntCapsule-Pos	0.243137	0.0392157	0.803922	0	0.162109
159	Left-Cerebral-WM-unmyelinated	0	0.462745	0.054902	0	0.16276
160	Right-Cerebral-WM-unmyelinated	0	0.462745	0.054902	0	0.163411
161	Left-Cerebral-WM-myelinated	0.862745	0.847059	0.0823529	0	0.164062
162	Right-Cerebral-WM-myelinated	0.862745	0.847059	0.0823529	0	0.164714
163	Left-Subcortical-Gray-Matter	0.478431	0.729412	0.862745	0	0.165365
164	Right-Subcortical-Gray-Matter	0.478431	0.729412	0.862745	0	0.166016
165	Skull	0.470588	0.470588	0.470588	0	0.166667
166	Posterior-fossa	0.054902	0.188235	1	0	0.167318
167	Scalp	0.65098	0.164706	0.164706	0	0.167969
168	Hematoma	0.47451	0.0705882	0.52549	0	0.16862
169	Left-Basal-Ganglia	0.92549	0.0509804	0.498039	0	0.169271
176	Right-Basal-Ganglia	0.92549	0.0509804	0.494118	0	0.169922
170	brainstem	0.466667	0.623529	0.690196	0	0.170573
171	DCG	0.466667	0	0.690196	0	0.171224
172	Vermis	0.466667	0.392157	0.690196	0	0.171875
173	Midbrain	0.94902	0.407843	0.298039	0	0.172526
174	Pons	0.807843	0.764706	0.227451	0	0.173177
175	Medulla	0.466667	0.623529	0.690196	0	0.173828
177	Vermis-White-Matter	0.466667	0.196078	0.690196	0	0.174479
178	SCP	0.556863	0.713726	0	0	0.17513
179	Floculus	0.0745098	0.392157	0.690196	0	0.175781
180	Left-Cortical-Dysplasia	0.286275	0.239216	0.545098	0	0.176432
181	Right-Cortical-Dysplasia	0.286275	0.243137	0.545098	0	0.177083
182	CblumNodulus	0.0392157	0.392157	0.690196	0	0.177734
193	Left-hippocampal_fissure	0	0.768627	1	0	0.178385
194	Left-CADG-head	1	0.643137	0.643137	0	0.179036
195	Left-subiculum	0.768627	0.768627	0	0	0.179688
196	Left-fimbria	0	0.392157	1	0	0.180339
197	Right-hippocampal_fissure	0.501961	0.768627	0.643137	0	0.18099
198	Right-CADG-head	0	0.494118	0.294118	0	0.181641
199	Right-subiculum	0.501961	0.376471	0.25098	0	0.182292
200	Right-fimbria	0	0.196078	0.501961	0	0.182943
201	alveus	1	0.8	0.6	0	0.183594
202	perforant_pathway	1	0.501961	0.501961	0	0.184245
203	parasubiculum	0.686275	0.686275	0.294118	0	0.184896
204	presubiculum	0.25098	0	0.25098	0	0.185547
205	subiculum	0	0	1	0	0.186198
206	CA1	1	0	0	0	0.186849
207	CA2	0.501961	0.501961	1	0	0.1875
208	CA3	0	0.501961	0	0	0.188151
209	CA4	0.768627	0.627451	0.501961	0	0.188802
210	GC-DG	0.12549	0.784314	1	0	0.189453
211	HATA	0.501961	1	0.501961	0	0.190104
212	fimbria	0.8	0.6	0.8	0	0.190755
213	lateral_ventricle	0.47451	0.0666667	0.533333	0	0.191406
214	molecular_layer_HP	0.501961	0	0	0	0.192057
215	hippocampal_fissure	0.501961	0.12549	1	0	0.192708
216	entorhinal_cortex	1	0.8	0.4	0	0.193359
217	molecular_layer_subiculum	0.501961	0.501961	0.501961	0	0.19401
218	Amygdala	0.407843	1	1	0	0.194661
219	Cerebral_White_Matter	0	0.886275	0	0	0.195312
220	Cerebral_Cortex	0.803922	0.247059	0.305882	0	0.195964
221	Inf_Lat_Vent	0.772549	0.227451	0.980392	0	0.196615
222	Perirhinal	0.129412	0.588235	0.980392	0	0.197266
223	Cerebral_White_Matter_Edge	0.886275	0	0	0	0.197917
224	Background	0.392157	0.392157	0.392157	0	0.198568
225	Ectorhinal	0.772549	0.588235	0.980392	0	0.199219
226	HP_tail	0.666667	0.666667	1	0	0.19987
227	Polymorphic-Layer	0.501961	1	0.501961	0	0.200521
228	Intracellular-Space	0.8	0.6	0.8	0	0.201172
231	HP_body	0	1	0	0	0.201823
232	HP_head	1	0	0	0	0.202474
233	presubiculum-head	0.12549	0	0.12549	0	0.203125
234	presubiculum-body	0.25098	0	0.25098	0	0.203776
235	subiculum-head	0	0	0.686275	0	0.204427
236	subiculum-body	0	0	1	0	0.205078
237	CA1-head	0.686275	0.294118	0.294118	0	0.205729
238	CA1-body	1	0	0	0	0.20638
239	CA3-head	0	0.313726	0	0	0.207031
240	CA3-body	0	0.501961	0	0	0.207682
241	CA4-head	0.470588	0.352941	0.196078	0	0.208333
242	CA4-body	0.768627	0.627451	0.501961	0	0.208984
243	GC-ML-DG-head	0.294118	0.490196	0.686275	0	0.209635
244	GC-ML-DG-body	0.12549	0.784314	1	0	0.210286
245	molecular_layer_HP-head	0.392157	0.0980392	0.0980392	0	0.210938
246	molecular_layer_HP-body	0.501961	0	0	0	0.211589
247	FreezeSurface	0.0392157	0.392157	0.392157	0	0.21224
250	Fornix	1	0	0	0	0.212891
251	CC_Posterior	0	0	0.25098	0	0.213542
252	CC_Mid_Posterior	0	0	0.439216	0	0.214193
253	CC_Central	0	0	0.627451	0	0.214844
254	CC_Mid_Anterior	0	0	0.815686	0	0.215495
255	CC_Anterior	0	0	1	0	0.216146
256	Voxel-Unchanged	0	0	0	0	0.216797
257	CSF-ExtraCerebral	0.235294	0.235294	0.235294	0	0.217448
258	Head-ExtraCerebral	0.588235	0.588235	0.784314	0	0.218099
259	Eye-Fluid	0.235294	0.235294	0.235294	0	0.21875
260	BoneOrAir	0.466667	0.623529	0.690196	0	0.219401
261	PossibleFluid	0.470588	0.0705882	0.52549	0	0.220052
262	Sinus	0.768627	0.627451	0.501961	0	0.220703
263	Left-Eustachian	0.466667	0.623529	0.690196	0	0.221354
264	Right-Eustachian	0.466667	0.623529	0.690196	0	0.222005
265	Left-Eyeball	0.235294	0.235294	0.235294	0	0.222656
266	Right-Eyeball	0.235294	0.235294	0.235294	0	0.223307
331	Aorta	1	0	0	0	0.223958
332	Left-Common-IliacA	1	0.313726	0	0	0.224609
333	Right-Common-IliacA	1	0.627451	0	0	0.22526
334	Left-External-IliacA	1	1	0	0	0.225911
335	Right-External-IliacA	0	1	0	0	0.226562
336	Left-Internal-IliacA	1	0	0.627451	0	0.227214
337	Right-Internal-IliacA	1	0	1	0	0.227865
338	Left-Lateral-SacralA	1	0.196078	0.313726	0	0.228516
339	Right-Lateral-SacralA	0.313726	1	0.196078	0	0.229167
340	Left-ObturatorA	0.627451	1	0.196078	0	0.229818
341	Right-ObturatorA	0.627451	0.784314	1	0	0.230469
342	Left-Internal-PudendalA	0	1	0.627451	0	0.23112
343	Right-Internal-PudendalA	0	0	1	0	0.231771
344	Left-UmbilicalA	0.313726	0.196078	1	0	0.232422
345	Right-UmbilicalA	0.627451	0	1	0	0.233073
346	Left-Inf-RectalA	1	0.823529	0	0	0.233724
347	Right-Inf-RectalA	0	0.627451	1	0	0.234375
348	Left-Common-IliacV	1	0.784314	0.313726	0	0.235026
349	Right-Common-IliacV	1	0.784314	0.627451	0	0.235677
350	Left-External-IliacV	1	0.313726	0.784314	0	0.236328
351	Right-External-IliacV	1	0.627451	0.784314	0	0.236979
352	Left-Internal-IliacV	0.117647	1	0.313726	0	0.23763
353	Right-Internal-IliacV	0.313726	0.784314	1	0	0.238281
354	Left-ObturatorV	0.313726	1	0.784314	0	0.238932
355	Right-ObturatorV	0.764706	1	0.784314	0	0.239583
356	Left-Internal-PudendalV	0.470588	0.784314	0.0784314	0	0.240234
357	Right-Internal-PudendalV	0.666667	0.0392157	0.784314	0	0.240885
358	Pos-Lymph	0.0784314	0.509804	0.705882	0	0.241536
359	Neg-Lymph	0.0784314	0.705882	0.509804	0	0.242188
400	V1	0.807843	0.243137	0.305882	0	0.242839
401	V2	0.47451	0.0705882	0.52549	0	0.24349
402	BA44	0.780392	0.227451	0.980392	0	0.244141
403	BA45	0.00392157	0.580392	0	0	0.244792
404	BA4a	0.866667	0.972549	0.643137	0	0.245443
405	BA4p	0.905882	0.580392	0.133333	0	0.246094
406	BA6	0.00392157	0.462745	0.054902	0	0.246745
407	BA2	0.470588	0.462745	0.054902	0	0.247396
408	BA1_old	0.482353	0.729412	0.866667	0	0.248047
409	BAun2	0.933333	0.0509804	0.694118	0	0.248698
410	BA1	0.482353	0.729412	0.862745	0	0.249349
411	BA2b	0.541176	0.0509804	0.807843	0	0.25
412	BA3a	0.933333	0.509804	0.690196	0	0.250651
413	BA3b	0.854902	0.901961	0.298039	0	0.251302
414	MT	0.14902	0.835294	0.690196	0	0.251953
415	AIPS_AIP_l	0.00392157	0.882353	0.690196	0	0.252604
416	AIPS_AIP_r	0.00392157	0.882353	0.690196	0	0.253255
417	AIPS_VIP_l	0.784314	0.00784314	0.392157	0	0.253906
418	AIPS_VIP_r	0.784314	0.00784314	0.392157	0	0.254557
419	IPL_PFcm_l	0.0196078	0.784314	0.352941	0	0.255208
420	IPL_PFcm_r	0.0196078	0.784314	0.352941	0	0.255859
421	IPL_PF_l	0.392157	0.0196078	0.784314	0	0.25651
422	IPL_PFm_l	0.0980392	1	0.392157	0	0.257161
423	IPL_PFm_r	0.0980392	1	0.392157	0	0.257812
424	IPL_PFop_l	0.901961	0.027451	0.392157	0	0.258464
425	IPL_PFop_r	0.901961	0.027451	0.392157	0	0.259115
426	IPL_PF_r	0.392157	0.0196078	0.784314	0	0.259766
427	IPL_PFt_l	0.588235	0.0392157	0.784314	0	0.260417
428	IPL_PFt_r	0.588235	0.0392157	0.784314	0	0.261068
429	IPL_PGa_l	0.686275	0.0392157	0.690196	0	0.261719
430	IPL_PGa_r	0.686275	0.0392157	0.690196	0	0.26237
431	IPL_PGp_l	0.0392157	0.392157	1	0	0.263021
432	IPL_PGp_r	0.0392157	0.392157	1	0	0.263672
433	Visual_V3d_l	0.588235	0.176471	0.27451	0	0.264323
434	Visual_V3d_r	0.588235	0.176471	0.27451	0	0.264974
435	Visual_V4_l	0.176471	0.784314	0.0588235	0	0.265625
436	Visual_V4_r	0.176471	0.784314	0.0588235	0	0.266276
437	Visual_V5_b	0.890196	0.176471	0.392157	0	0.266927
438	Visual_VP_l	0.890196	0.176471	0.392157	0	0.267578
439	Visual_VP_r	0.890196	0.176471	0.392157	0	0.268229
498	wmsa	0.560784	0.737255	0.560784	0	0.26888
499	other_wmsa	1	0.972549	0.862745	0	0.269531
500	right_CA2_3	0.0666667	0.333333	0.533333	0	0.270182
501	right_alveus	0.466667	0.733333	0.4	0	0.270833
502	right_CA1	0.8	0.266667	0.133333	0	0.271484
503	right_fimbria	0.8	0	1	0	0.272135
504	right_presubiculum	0.866667	0.733333	0.0666667	0	0.272786
505	right_hippocampal_fissure	0.6	0.866667	0.933333	0	0.273438
506	right_CA4_DG	0.2	0.0666667	0.0666667	0	0.274089
507	right_subiculum	0	0.466667	0.333333	0	0.27474
508	right_fornix	0.0784314	0.392157	0.784314	0	0.275391
550	left_CA2_3	0.0666667	0.333333	0.537255	0	0.276042
551	left_alveus	0.466667	0.733333	0.403922	0	0.276693
552	left_CA1	0.8	0.266667	0.137255	0	0.277344
553	left_fimbria	0.8	0	0.996078	0	0.277995
554	left_presubiculum	0.866667	0.733333	0.0627451	0	0.278646
555	left_hippocampal_fissure	0.6	0.866667	0.937255	0	0.279297
556	left_CA4_DG	0.2	0.0666667	0.0705882	0	0.279948
557	left_subiculum	0	0.466667	0.337255	0	0.280599
558	left_fornix	0.0784314	0.392157	0.788235	0	0.28125
600	Tumor	0.996078	0.996078	0.996078	0	0.281901
601	Cbm_Left_I_IV	0.27451	0.509804	0.705882	0	0.282552
602	Cbm_Right_I_IV	0.960784	0.960784	0.960784	0	0.283203
603	Cbm_Left_V	0.803922	0.243137	0.305882	0	0.283854
604	Cbm_Right_V	0.470588	0.0705882	0.52549	0	0.284505
605	Cbm_Left_VI	0.768627	0.227451	0.980392	0	0.285156
606	Cbm_Vermis_VI	0	0.580392	0	0	0.285807
607	Cbm_Right_VI	0.862745	0.972549	0.643137	0	0.286458
608	Cbm_Left_CrusI	0.901961	0.580392	0.133333	0	0.287109
609	Cbm_Vermis_CrusI	0	0.462745	0.054902	0	0.28776
610	Cbm_Right_CrusI	0	0.462745	0.054902	0	0.288411
611	Cbm_Left_CrusII	0.478431	0.729412	0.862745	0	0.289062
612	Cbm_Vermis_CrusII	0.92549	0.0509804	0.690196	0	0.289714
613	Cbm_Right_CrusII	0.0470588	0.188235	1	0	0.290365
614	Cbm_Left_VIIb	0.8	0.713726	0.556863	0	0.291016
615	Cbm_Vermis_VIIb	0.164706	0.8	0.643137	0	0.291667
616	Cbm_Right_VIIb	0.466667	0.623529	0.690196	0	0.292318
617	Cbm_Left_VIIIa	0.862745	0.847059	0.0784314	0	0.292969
618	Cbm_Vermis_VIIIa	0.403922	1	1	0	0.29362
619	Cbm_Right_VIIIa	0.313726	0.768627	0.384314	0	0.294271
620	Cbm_Left_VIIIb	0.235294	0.227451	0.823529	0	0.294922
621	Cbm_Vermis_VIIIb	0.235294	0.227451	0.823529	0	0.295573
622	Cbm_Right_VIIIb	0.235294	0.227451	0.823529	0	0.296224
623	Cbm_Left_IX	0.235294	0.227451	0.823529	0	0.296875
624	Cbm_Vermis_IX	0.235294	0.235294	0.235294	0	0.297526
625	Cbm_Right_IX	1	0.647059	0	0	0.298177
626	Cbm_Left_X	1	0.647059	0	0	0.298828
627	Cbm_Vermis_X	0	1	0.498039	0	0.299479
628	Cbm_Right_X	0.647059	0.164706	0.164706	0	0.30013
640	Cbm_Right_I_V_med	0.8	0	0	0	0.300781
641	Cbm_Right_I_V_mid	1	0	0	0	0.301432
642	Cbm_Right_VI_med	0	0	1	0	0.302083
643	Cbm_Right_VI_mid	0.117647	0.564706	1	0	0.302734
644	Cbm_Right_VI_lat	0.392157	0.831373	0.929412	0	0.303385
645	Cbm_Right_CrusI_med	0.854902	0.647059	0.12549	0	0.304036
646	Cbm_Right_CrusI_mid	1	0.843137	0	0	0.304688
647	Cbm_Right_CrusI_lat	1	1	0.65098	0	0.305339
648	Cbm_Right_CrusII_med	0.6	0	0.8	0	0.30599
649	Cbm_Right_CrusII_mid	0.6	0.552941	0.819608	0	0.306641
650	Cbm_Right_CrusII_lat	0.8	0.8	1	0	0.307292
651	Cbm_Right_7med	0.121569	0.831373	0.760784	0	0.307943
652	Cbm_Right_7mid	0.0117647	1	0.929412	0	0.308594
653	Cbm_Right_7lat	0.8	1	1	0	0.309245
654	Cbm_Right_8med	0.337255	0.290196	0.576471	0	0.309896
655	Cbm_Right_8mid	0.447059	0.447059	0.745098	0	0.310547
656	Cbm_Right_8lat	0.721569	0.698039	1	0	0.311198
657	Cbm_Right_PUNs	0.494118	0.541176	0.145098	0	0.311849
658	Cbm_Right_TONs	0.741176	0.772549	0.458824	0	0.3125
659	Cbm_Right_FLOs	0.941176	0.901961	0.54902	0	0.313151
660	Cbm_Left_I_V_med	0.8	0	0	0	0.313802
661	Cbm_Left_I_V_mid	1	0	0	0	0.314453
662	Cbm_Left_VI_med	0	0	1	0	0.315104
663	Cbm_Left_VI_mid	0.117647	0.564706	1	0	0.315755
664	Cbm_Left_VI_lat	0.392157	0.831373	0.929412	0	0.316406
665	Cbm_Left_CrusI_med	0.854902	0.647059	0.12549	0	0.317057
666	Cbm_Left_CrusI_mid	1	0.843137	0	0	0.317708
667	Cbm_Left_CrusI_lat	1	1	0.65098	0	0.318359
668	Cbm_Left_CrusII_med	0.6	0	0.8	0	0.31901
669	Cbm_Left_CrusII_mid	0.6	0.552941	0.819608	0	0.319661
670	Cbm_Left_CrusII_lat	0.8	0.8	1	0	0.320312
671	Cbm_Left_7med	0.121569	0.831373	0.760784	0	0.320964
672	Cbm_Left_7mid	0.0117647	1	0.929412	0	0.321615
673	Cbm_Left_7lat	0.8	1	1	0	0.322266
674	Cbm_Left_8med	0.337255	0.290196	0.576471	0	0.322917
675	Cbm_Left_8mid	0.447059	0.447059	0.745098	0	0.323568
676	Cbm_Left_8lat	0.721569	0.698039	1	0	0.324219
677	Cbm_Left_PUNs	0.494118	0.541176	0.145098	0	0.32487
678	Cbm_Left_TONs	0.741176	0.772549	0.458824	0	0.325521
679	Cbm_Left_FLOs	0.941176	0.901961	0.54902	0	0.326172
690	CbmWM_Gyri_Left	0.478431	0.529412	0.196078	0	0.326823
691	CbmWM_Gyri_Right	0.478431	0.529412	0.196078	0	0.327474
701	CSF-FSL-FAST	0.470588	0.0705882	0.52549	0	0.328125
702	GrayMatter-FSL-FAST	0.803922	0.243137	0.305882	0	0.328776
703	WhiteMatter-FSL-FAST	0	0.882353	0	0	0.329427
801	L_hypothalamus_anterior_inferior	0.980392	1	0.196078	0	0.330078
802	L_hypothalamus_anterior_superior	0.313726	0.784314	1	0	0.330729
803	L_hypothalamus_posterior	1	0.627451	0	0	0.33138
804	L_hypothalamus_tubular_inferior	1	0.627451	0.784314	0	0.332031
805	L_hypothalamus_tubular_superior	0.0784314	0.705882	0.509804	0	0.332682
806	R_hypothalamus_anterior_inferior	0.980392	1	0.196078	0	0.333333
807	R_hypothalamus_anterior_superior	0.313726	0.784314	1	0	0.333984
808	R_hypothalamus_posterior	1	0.627451	0	0	0.334635
809	R_hypothalamus_tubular_inferior	1	0.627451	0.784314	0	0.335286
810	R_hypothalamus_tubular_superior	0.0784314	0.705882	0.509804	0	0.335938
999	SUSPICIOUS	1	0.392157	0.392157	0	0.336589
1000	ctx-lh-unknown	0.0980392	0.0196078	0.0980392	0	0.33724
1001	ctx-lh-bankssts	0.0980392	0.392157	0.156863	0	0.337891
1002	ctx-lh-caudalanteriorcingulate	0.490196	0.392157	0.627451	0	0.338542
1003	ctx-lh-caudalmiddlefrontal	0.392157	0.0980392	0	0	0.339193
1004	ctx-lh-corpuscallosum	0.470588	0.27451	0.196078	0	0.339844
1005	ctx-lh-cuneus	0.862745	0.0784314	0.392157	0	0.340495
1006	ctx-lh-entorhinal	0.862745	0.0784314	0.0392157	0	0.341146
1007	ctx-lh-fusiform	0.705882	0.862745	0.54902	0	0.341797
1008	ctx-lh-inferiorparietal	0.862745	0.235294	0.862745	0	0.342448
1009	ctx-lh-inferiortemporal	0.705882	0.156863	0.470588	0	0.343099
1010	ctx-lh-isthmuscingulate	0.54902	0.0784314	0.54902	0	0.34375
1011	ctx-lh-lateraloccipital	0.0784314	0.117647	0.54902	0	0.344401
1012	ctx-lh-lateralorbitofrontal	0.137255	0.294118	0.196078	0	0.345052
1013	ctx-lh-lingual	0.882353	0.54902	0.54902	0	0.345703
1014	ctx-lh-medialorbitofrontal	0.784314	0.137255	0.294118	0	0.346354
1015	ctx-lh-middletemporal	0.627451	0.392157	0.196078	0	0.347005
1016	ctx-lh-parahippocampal	0.0784314	0.862745	0.235294	0	0.347656
1017	ctx-lh-paracentral	0.235294	0.862745	0.235294	0	0.348307
1018	ctx-lh-parsopercularis	0.862745	0.705882	0.54902	0	0.348958
1019	ctx-lh-parsorbitalis	0.0784314	0.392157	0.196078	0	0.349609
1020	ctx-lh-parstriangularis	0.862745	0.235294	0.0784314	0	0.35026
1021	ctx-lh-pericalcarine	0.470588	0.392157	0.235294	0	0.350911
1022	ctx-lh-postcentral	0.862745	0.0784314	0.0784314	0	0.351562
1023	ctx-lh-posteriorcingulate	0.862745	0.705882	0.862745	0	0.352214
1024	ctx-lh-precentral	0.235294	0.0784314	0.862745	0	0.352865
1025	ctx-lh-precuneus	0.627451	0.54902	0.705882	0	0.353516
1026	ctx-lh-rostralanteriorcingulate	0.313726	0.0784314	0.54902	0	0.354167
1027	ctx-lh-rostralmiddlefrontal	0.294118	0.196078	0.490196	0	0.354818
1028	ctx-lh-superiorfrontal	0.0784314	0.862745	0.627451	0	0.355469
1029	ctx-lh-superiorparietal	0.0784314	0.705882	0.54902	0	0.35612
1030	ctx-lh-superiortemporal	0.54902	0.862745	0.862745	0	0.356771
1031	ctx-lh-supramarginal	0.313726	0.627451	0.0784314	0	0.357422
1032	ctx-lh-frontalpole	0.392157	0	0.392157	0	0.358073
1033	ctx-lh-temporalpole	0.27451	0.27451	0.27451	0	0.358724
1034	ctx-lh-transversetemporal	0.588235	0.588235	0.784314	0	0.359375
1035	ctx-lh-insula	1	0.752941	0.12549	0	0.360026
2000	ctx-rh-unknown	0.0980392	0.0196078	0.0980392	0	0.360677
2001	ctx-rh-bankssts	0.0980392	0.392157	0.156863	0	0.361328
2002	ctx-rh-caudalanteriorcingulate	0.490196	0.392157	0.627451	0	0.361979
2003	ctx-rh-caudalmiddlefrontal	0.392157	0.0980392	0	0	0.36263
2004	ctx-rh-corpuscallosum	0.470588	0.27451	0.196078	0	0.363281
2005	ctx-rh-cuneus	0.862745	0.0784314	0.392157	0	0.363932
2006	ctx-rh-entorhinal	0.862745	0.0784314	0.0392157	0	0.364583
2007	ctx-rh-fusiform	0.705882	0.862745	0.54902	0	0.365234
2008	ctx-rh-inferiorparietal	0.862745	0.235294	0.862745	0	0.365885
2009	ctx-rh-inferiortemporal	0.705882	0.156863	0.470588	0	0.366536
2010	ctx-rh-isthmuscingulate	0.54902	0.0784314	0.54902	0	0.367188
2011	ctx-rh-lateraloccipital	0.0784314	0.117647	0.54902	0	0.367839
2012	ctx-rh-lateralorbitofrontal	0.137255	0.294118	0.196078	0	0.36849
2013	ctx-rh-lingual	0.882353	0.54902	0.54902	0	0.369141
2014	ctx-rh-medialorbitofrontal	0.784314	0.137255	0.294118	0	0.369792
2015	ctx-rh-middletemporal	0.627451	0.392157	0.196078	0	0.370443
2016	ctx-rh-parahippocampal	0.0784314	0.862745	0.235294	0	0.371094
2017	ctx-rh-paracentral	0.235294	0.862745	0.235294	0	0.371745
2018	ctx-rh-parsopercularis	0.862745	0.705882	0.54902	0	0.372396
2019	ctx-rh-parsorbitalis	0.0784314	0.392157	0.196078	0	0.373047
2020	ctx-rh-parstriangularis	0.862745	0.235294	0.0784314	0	0.373698
2021	ctx-rh-pericalcarine	0.470588	0.392157	0.235294	0	0.374349
2022	ctx-rh-postcentral	0.862745	0.0784314	0.0784314	0	0.375
2023	ctx-rh-posteriorcingulate	0.862745	0.705882	0.862745	0	0.375651
2024	ctx-rh-precentral	0.235294	0.0784314	0.862745	0	0.376302
2025	ctx-rh-precuneus	0.627451	0.54902	0.705882	0	0.376953
2026	ctx-rh-rostralanteriorcingulate	0.313726	0.0784314	0.54902	0	0.377604
2027	ctx-rh-rostralmiddlefrontal	0.294118	0.196078	0.490196	0	0.378255
2028	ctx-rh-superiorfrontal	0.0784314	0.862745	0.627451	0	0.378906
2029	ctx-rh-superiorparietal	0.0784314	0.705882	0.54902	0	0.379557
2030	ctx-rh-superiortemporal	0.54902	0.862745	0.862745	0	0.380208
2031	ctx-rh-supramarginal	0.313726	0.627451	0.0784314	0	0.380859
2032	ctx-rh-frontalpole	0.392157	0	0.392157	0	0.38151
2033	ctx-rh-temporalpole	0.27451	0.27451	0.27451	0	0.382161
2034	ctx-rh-transversetemporal	0.588235	0.588235	0.784314	0	0.382812
2035	ctx-rh-insula	1	0.752941	0.12549	0	0.383464
3000	wm-lh-unknown	0.901961	0.980392	0.901961	0	0.384115
3001	wm-lh-bankssts	0.901961	0.607843	0.843137	0	0.384766
3002	wm-lh-caudalanteriorcingulate	0.509804	0.607843	0.372549	0	0.385417
3003	wm-lh-caudalmiddlefrontal	0.607843	0.901961	1	0	0.386068
3004	wm-lh-corpuscallosum	0.529412	0.72549	0.803922	0	0.386719
3005	wm-lh-cuneus	0.137255	0.921569	0.607843	0	0.38737
3006	wm-lh-entorhinal	0.137255	0.921569	0.960784	0	0.388021
3007	wm-lh-fusiform	0.294118	0.137255	0.45098	0	0.388672
3008	wm-lh-inferiorparietal	0.137255	0.764706	0.137255	0	0.389323
3009	wm-lh-inferiortemporal	0.294118	0.843137	0.529412	0	0.389974
3010	wm-lh-isthmuscingulate	0.45098	0.921569	0.45098	0	0.390625
3011	wm-lh-lateraloccipital	0.921569	0.882353	0.45098	0	0.391276
3012	wm-lh-lateralorbitofrontal	0.862745	0.705882	0.803922	0	0.391927
3013	wm-lh-lingual	0.117647	0.45098	0.45098	0	0.392578
3014	wm-lh-medialorbitofrontal	0.215686	0.862745	0.705882	0	0.393229
3015	wm-lh-middletemporal	0.372549	0.607843	0.803922	0	0.39388
3016	wm-lh-parahippocampal	0.921569	0.137255	0.764706	0	0.394531
3017	wm-lh-paracentral	0.764706	0.137255	0.764706	0	0.395182
3018	wm-lh-parsopercularis	0.137255	0.294118	0.45098	0	0.395833
3019	wm-lh-parsorbitalis	0.921569	0.607843	0.803922	0	0.396484
3020	wm-lh-parstriangularis	0.137255	0.764706	0.921569	0	0.397135
3021	wm-lh-pericalcarine	0.529412	0.607843	0.764706	0	0.397786
3022	wm-lh-postcentral	0.137255	0.921569	0.921569	0	0.398438
3023	wm-lh-posteriorcingulate	0.137255	0.294118	0.137255	0	0.399089
3024	wm-lh-precentral	0.764706	0.921569	0.137255	0	0.39974
3025	wm-lh-precuneus	0.372549	0.45098	0.294118	0	0.400391
3026	wm-lh-rostralanteriorcingulate	0.686275	0.921569	0.45098	0	0.401042
3027	wm-lh-rostralmiddlefrontal	0.705882	0.803922	0.509804	0	0.401693
3028	wm-lh-superiorfrontal	0.921569	0.137255	0.372549	0	0.402344
3029	wm-lh-superiorparietal	0.921569	0.294118	0.45098	0	0.402995
3030	wm-lh-superiortemporal	0.45098	0.137255	0.137255	0	0.403646
3031	wm-lh-supramarginal	0.686275	0.372549	0.921569	0	0.404297
3032	wm-lh-frontalpole	0.607843	1	0.607843	0	0.404948
3033	wm-lh-temporalpole	0.72549	0.72549	0.72549	0	0.405599
3034	wm-lh-transversetemporal	0.411765	0.411765	0.215686	0	0.40625
3035	wm-lh-insula	0.0784314	0.862745	0.627451	0	0.406901
4000	wm-rh-unknown	0.901961	0.980392	0.901961	0	0.407552
4001	wm-rh-bankssts	0.901961	0.607843	0.843137	0	0.408203
4002	wm-rh-caudalanteriorcingulate	0.509804	0.607843	0.372549	0	0.408854
4003	wm-rh-caudalmiddlefrontal	0.607843	0.901961	1	0	0.409505
4004	wm-rh-corpuscallosum	0.529412	0.72549	0.803922	0	0.410156
4005	wm-rh-cuneus	0.137255	0.921569	0.607843	0	0.410807
4006	wm-rh-entorhinal	0.137255	0.921569	0.960784	0	0.411458
4007	wm-rh-fusiform	0.294118	0.137255	0.45098	0	0.412109
4008	wm-rh-inferiorparietal	0.137255	0.764706	0.137255	0	0.41276
4009	wm-rh-inferiortemporal	0.294118	0.843137	0.529412	0	0.413411
4010	wm-rh-isthmuscingulate	0.45098	0.921569	0.45098	0	0.414062
4011	wm-rh-lateraloccipital	0.921569	0.882353	0.45098	0	0.414714
4012	wm-rh-lateralorbitofrontal	0.862745	0.705882	0.803922	0	0.415365
4013	wm-rh-lingual	0.117647	0.45098	0.45098	0	0.416016
4014	wm-rh-medialorbitofrontal	0.215686	0.862745	0.705882	0	0.416667
4015	wm-rh-middletemporal	0.372549	0.607843	0.803922	0	0.417318
4016	wm-rh-parahippocampal	0.921569	0.137255	0.764706	0	0.417969
4017	wm-rh-paracentral	0.764706	0.137255	0.764706	0	0.41862
4018	wm-rh-parsopercularis	0.137255	0.294118	0.45098	0	0.419271
4019	wm-rh-parsorbitalis	0.921569	0.607843	0.803922	0	0.419922
4020	wm-rh-parstriangularis	0.137255	0.764706	0.921569	0	0.420573
4021	wm-rh-pericalcarine	0.529412	0.607843	0.764706	0	0.421224
4022	wm-rh-postcentral	0.137255	0.921569	0.921569	0	0.421875
4023	wm-rh-posteriorcingulate	0.137255	0.294118	0.137255	0	0.422526
4024	wm-rh-precentral	0.764706	0.921569	0.137255	0	0.423177
4025	wm-rh-precuneus	0.372549	0.45098	0.294118	0	0.423828
4026	wm-rh-rostralanteriorcingulate	0.686275	0.921569	0.45098	0	0.424479
4027	wm-rh-rostralmiddlefrontal	0.705882	0.803922	0.509804	0	0.42513
4028	wm-rh-superiorfrontal	0.921569	0.137255	0.372549	0	0.425781
4029	wm-rh-superiorparietal	0.921569	0.294118	0.45098	0	0.426432
4030	wm-rh-superiortemporal	0.45098	0.137255	0.137255	0	0.427083
4031	wm-rh-supramarginal	0.686275	0.372549	0.921569	0	0.427734
4032	wm-rh-frontalpole	0.607843	1	0.607843	0	0.428385
4033	wm-rh-temporalpole	0.72549	0.72549	0.72549	0	0.429036
4034	wm-rh-transversetemporal	0.411765	0.411765	0.215686	0	0.429688
4035	wm-rh-insula	0.0784314	0.862745	0.627451	0	0.430339
1301	ctx-lh-frontal-lobe	0.0980392	0.392157	0.156863	0	0.43099
1303	ctx-lh-cingulate-lobe	0.392157	0.0980392	0	0	0.431641
1304	ctx-lh-occipital-lobe	0.470588	0.27451	0.196078	0	0.432292
1305	ctx-lh-temporal-lobe	0.862745	0.0784314	0.392157	0	0.432943
1306	ctx-lh-parietal-lobe	0.862745	0.0784314	0.0392157	0	0.433594
1307	ctx-lh-insula-lobe	1	0.752941	0.12549	0	0.434245
2301	ctx-rh-frontal-lobe	0.0980392	0.392157	0.156863	0	0.434896
2303	ctx-rh-cingulate-lobe	0.392157	0.0980392	0	0	0.435547
2304	ctx-rh-occipital-lobe	0.470588	0.27451	0.196078	0	0.436198
2305	ctx-rh-temporal-lobe	0.862745	0.0784314	0.392157	0	0.436849
2306	ctx-rh-parietal-lobe	0.862745	0.0784314	0.0392157	0	0.4375
2307	ctx-rh-insula-lobe	1	0.752941	0.12549	0	0.438151
3201	wm-lh-frontal-lobe	0.921569	0.137255	0.372549	0	0.438802
3203	wm-lh-cingulate-lobe	0.137255	0.294118	0.137255	0	0.439453
3204	wm-lh-occipital-lobe	0.529412	0.607843	0.764706	0	0.440104
3205	wm-lh-temporal-lobe	0.45098	0.137255	0.137255	0	0.440755
3206	wm-lh-parietal-lobe	0.137255	0.764706	0.137255	0	0.441406
3207	wm-lh-insula-lobe	0.0784314	0.862745	0.627451	0	0.442057
4201	wm-rh-frontal-lobe	0.921569	0.137255	0.372549	0	0.442708
4203	wm-rh-cingulate-lobe	0.137255	0.294118	0.137255	0	0.443359
4204	wm-rh-occipital-lobe	0.529412	0.607843	0.764706	0	0.44401
4205	wm-rh-temporal-lobe	0.45098	0.137255	0.137255	0	0.444661
4206	wm-rh-parietal-lobe	0.137255	0.764706	0.137255	0	0.445312
4207	wm-rh-insula-lobe	0.0784314	0.862745	0.627451	0	0.445964
1100	ctx-lh-Unknown	0	0	0	0	0.446615
1101	ctx-lh-Corpus_callosum	0.196078	0.196078	0.196078	0	0.447266
1102	ctx-lh-G_and_S_Insula_ONLY_AVERAGE	0.705882	0.0784314	0.117647	0	0.447917
1103	ctx-lh-G_cingulate-Isthmus	0.235294	0.0980392	0.0980392	0	0.448568
1104	ctx-lh-G_cingulate-Main_part	0.0980392	0.235294	0.235294	0	0.449219
1200	ctx-lh-G_cingulate-caudal_ACC	0.0980392	0.235294	0.239216	0	0.44987
1201	ctx-lh-G_cingulate-rostral_ACC	0.0980392	0.352941	0.235294	0	0.450521
1202	ctx-lh-G_cingulate-posterior	0.0980392	0.470588	0.235294	0	0.451172
1205	ctx-lh-S_cingulate-caudal_ACC	0.0980392	0.588235	0.235294	0	0.451823
1206	ctx-lh-S_cingulate-rostral_ACC	0.0980392	0.705882	0.235294	0	0.452474
1207	ctx-lh-S_cingulate-posterior	0.0980392	0.823529	0.235294	0	0.453125
1210	ctx-lh-S_pericallosal-caudal	0.0980392	0.588235	0.352941	0	0.453776
1211	ctx-lh-S_pericallosal-rostral	0.0980392	0.705882	0.352941	0	0.454427
1212	ctx-lh-S_pericallosal-posterior	0.0980392	0.823529	0.352941	0	0.455078
1105	ctx-lh-G_cuneus	0.705882	0.0784314	0.0784314	0	0.455729
1106	ctx-lh-G_frontal_inf-Opercular_part	0.862745	0.0784314	0.392157	0	0.45638
1107	ctx-lh-G_frontal_inf-Orbital_part	0.54902	0.235294	0.235294	0	0.457031
1108	ctx-lh-G_frontal_inf-Triangular_part	0.705882	0.862745	0.54902	0	0.457682
1109	ctx-lh-G_frontal_middle	0.54902	0.392157	0.705882	0	0.458333
1110	ctx-lh-G_frontal_superior	0.705882	0.0784314	0.54902	0	0.458984
1111	ctx-lh-G_frontomarginal	0.54902	0.0784314	0.54902	0	0.459635
1112	ctx-lh-G_insular_long	0.0823529	0.0392157	0.0392157	0	0.460286
1113	ctx-lh-G_insular_short	0.882353	0.54902	0.54902	0	0.460938
1114	ctx-lh-G_and_S_occipital_inferior	0.0901961	0.235294	0.705882	0	0.461589
1115	ctx-lh-G_occipital_middle	0.705882	0.235294	0.705882	0	0.46224
1116	ctx-lh-G_occipital_superior	0.0784314	0.862745	0.235294	0	0.462891
1117	ctx-lh-G_occipit-temp_lat-Or_fusiform	0.235294	0.0784314	0.54902	0	0.463542
1118	ctx-lh-G_occipit-temp_med-Lingual_part	0.862745	0.705882	0.54902	0	0.464193
1119	ctx-lh-G_occipit-temp_med-Parahippocampal_part	0.254902	0.392157	0.0784314	0	0.464844
1120	ctx-lh-G_orbital	0.862745	0.235294	0.0784314	0	0.465495
1121	ctx-lh-G_paracentral	0.235294	0.392157	0.235294	0	0.466146
1122	ctx-lh-G_parietal_inferior-Angular_part	0.0784314	0.235294	0.862745	0	0.466797
1123	ctx-lh-G_parietal_inferior-Supramarginal_part	0.392157	0.392157	0.235294	0	0.467448
1124	ctx-lh-G_parietal_superior	0.862745	0.705882	0.862745	0	0.468099
1125	ctx-lh-G_postcentral	0.0784314	0.705882	0.54902	0	0.46875
1126	ctx-lh-G_precentral	0.235294	0.54902	0.705882	0	0.469401
1127	ctx-lh-G_precuneus	0.0980392	0.0784314	0.54902	0	0.470052
1128	ctx-lh-G_rectus	0.0784314	0.235294	0.392157	0	0.470703
1129	ctx-lh-G_subcallosal	0.235294	0.862745	0.0784314	0	0.471354
1130	ctx-lh-G_subcentral	0.235294	0.0784314	0.862745	0	0.472005
1131	ctx-lh-G_temporal_inferior	0.862745	0.862745	0.392157	0	0.472656
1132	ctx-lh-G_temporal_middle	0.705882	0.235294	0.235294	0	0.473307
1133	ctx-lh-G_temp_sup-G_temp_transv_and_interm_S	0.235294	0.235294	0.862745	0	0.473958
1134	ctx-lh-G_temp_sup-Lateral_aspect	0.862745	0.235294	0.862745	0	0.474609
1135	ctx-lh-G_temp_sup-Planum_polare	0.254902	0.862745	0.235294	0	0.47526
1136	ctx-lh-G_temp_sup-Planum_tempolare	0.0980392	0.54902	0.0784314	0	0.475911
1137	ctx-lh-G_and_S_transverse_frontopolar	0.0509804	0	0.980392	0	0.476562
1138	ctx-lh-Lat_Fissure-ant_sgt-ramus_horizontal	0.239216	0.0784314	0.862745	0	0.477214
1139	ctx-lh-Lat_Fissure-ant_sgt-ramus_vertical	0.239216	0.0784314	0.235294	0	0.477865
1140	ctx-lh-Lat_Fissure-post_sgt	0.239216	0.235294	0.392157	0	0.478516
1141	ctx-lh-Medial_wall	0.0980392	0.0980392	0.0980392	0	0.479167
1142	ctx-lh-Pole_occipital	0.54902	0.0784314	0.235294	0	0.479818
1143	ctx-lh-Pole_temporal	0.862745	0.705882	0.0784314	0	0.480469
1144	ctx-lh-S_calcarine	0.247059	0.705882	0.705882	0	0.48112
1145	ctx-lh-S_central	0.866667	0.0784314	0.0392157	0	0.481771
1146	ctx-lh-S_central_insula	0.0823529	0.862745	0.0784314	0	0.482422
1147	ctx-lh-S_cingulate-Main_part_and_Intracingulate	0.717647	0.392157	0.0784314	0	0.483073
1148	ctx-lh-S_cingulate-Marginalis_part	0.866667	0.0784314	0.392157	0	0.483724
1149	ctx-lh-S_circular_insula_anterior	0.866667	0.235294	0.54902	0	0.484375
1150	ctx-lh-S_circular_insula_inferior	0.866667	0.0784314	0.862745	0	0.485026
1151	ctx-lh-S_circular_insula_superior	0.239216	0.862745	0.862745	0	0.485677
1152	ctx-lh-S_collateral_transverse_ant	0.392157	0.784314	0.784314	0	0.486328
1153	ctx-lh-S_collateral_transverse_post	0.0392157	0.784314	0.784314	0	0.486979
1154	ctx-lh-S_frontal_inferior	0.866667	0.862745	0.0784314	0	0.48763
1155	ctx-lh-S_frontal_middle	0.552941	0.0784314	0.392157	0	0.488281
1156	ctx-lh-S_frontal_superior	0.239216	0.862745	0.392157	0	0.488932
1157	ctx-lh-S_frontomarginal	0.0823529	0.862745	0.235294	0	0.489583
1158	ctx-lh-S_intermedius_primus-Jensen	0.552941	0.235294	0.0784314	0	0.490234
1159	ctx-lh-S_intraparietal-and_Parietal_transverse	0.560784	0.0784314	0.862745	0	0.490885
1160	ctx-lh-S_occipital_anterior	0.239216	0.0784314	0.705882	0	0.491536
1161	ctx-lh-S_occipital_middle_and_Lunatus	0.396078	0.235294	0.862745	0	0.492188
1162	ctx-lh-S_occipital_superior_and_transversalis	0.0823529	0.0784314	0.54902	0	0.492839
1163	ctx-lh-S_occipito-temporal_lateral	0.866667	0.54902	0.0784314	0	0.49349
1164	ctx-lh-S_occipito-temporal_medial_and_S_Lingual	0.552941	0.392157	0.862745	0	0.494141
1165	ctx-lh-S_orbital-H_shapped	0.396078	0.0784314	0.0784314	0	0.494792
1166	ctx-lh-S_orbital_lateral	0.866667	0.392157	0.0784314	0	0.495443
1167	ctx-lh-S_orbital_medial-Or_olfactory	0.709804	0.784314	0.0784314	0	0.496094
1168	ctx-lh-S_paracentral	0.0823529	0.705882	0.54902	0	0.496745
1169	ctx-lh-S_parieto_occipital	0.396078	0.392157	0.705882	0	0.497396
1170	ctx-lh-S_pericallosal	0.709804	0.862745	0.0784314	0	0.498047
1171	ctx-lh-S_postcentral	0.0823529	0.54902	0.784314	0	0.498698
1172	ctx-lh-S_precentral-Inferior-part	0.0823529	0.0784314	0.941176	0	0.499349
1173	ctx-lh-S_precentral-Superior-part	0.0823529	0.0784314	0.784314	0	0.5
1174	ctx-lh-S_subcentral_ant	0.239216	0.705882	0.235294	0	0.500651
1175	ctx-lh-S_subcentral_post	0.239216	0.705882	0.980392	0	0.501302
1176	ctx-lh-S_suborbital	0.0823529	0.0784314	0.235294	0	0.501953
1177	ctx-lh-S_subparietal	0.396078	0.235294	0.235294	0	0.502604
1178	ctx-lh-S_supracingulate	0.0823529	0.862745	0.862745	0	0.503255
1179	ctx-lh-S_temporal_inferior	0.0823529	0.705882	0.705882	0	0.503906
1180	ctx-lh-S_temporal_superior	0.87451	0.862745	0.235294	0	0.504557
1181	ctx-lh-S_temporal_transverse	0.866667	0.235294	0.235294	0	0.505208
2100	ctx-rh-Unknown	0	0	0	0	0.505859
2101	ctx-rh-Corpus_callosum	0.196078	0.196078	0.196078	0	0.50651
2102	ctx-rh-G_and_S_Insula_ONLY_AVERAGE	0.705882	0.0784314	0.117647	0	0.507161
2103	ctx-rh-G_cingulate-Isthmus	0.235294	0.0980392	0.0980392	0	0.507812
2104	ctx-rh-G_cingulate-Main_part	0.0980392	0.235294	0.235294	0	0.508464
2105	ctx-rh-G_cuneus	0.705882	0.0784314	0.0784314	0	0.509115
2106	ctx-rh-G_frontal_inf-Opercular_part	0.862745	0.0784314	0.392157	0	0.509766
2107	ctx-rh-G_frontal_inf-Orbital_part	0.54902	0.235294	0.235294	0	0.510417
2108	ctx-rh-G_frontal_inf-Triangular_part	0.705882	0.862745	0.54902	0	0.511068
2109	ctx-rh-G_frontal_middle	0.54902	0.392157	0.705882	0	0.511719
2110	ctx-rh-G_frontal_superior	0.705882	0.0784314	0.54902	0	0.51237
2111	ctx-rh-G_frontomarginal	0.54902	0.0784314	0.54902	0	0.513021
2112	ctx-rh-G_insular_long	0.0823529	0.0392157	0.0392157	0	0.513672
2113	ctx-rh-G_insular_short	0.882353	0.54902	0.54902	0	0.514323
2114	ctx-rh-G_and_S_occipital_inferior	0.0901961	0.235294	0.705882	0	0.514974
2115	ctx-rh-G_occipital_middle	0.705882	0.235294	0.705882	0	0.515625
2116	ctx-rh-G_occipital_superior	0.0784314	0.862745	0.235294	0	0.516276
2117	ctx-rh-G_occipit-temp_lat-Or_fusiform	0.235294	0.0784314	0.54902	0	0.516927
2118	ctx-rh-G_occipit-temp_med-Lingual_part	0.862745	0.705882	0.54902	0	0.517578
2119	ctx-rh-G_occipit-temp_med-Parahippocampal_part	0.254902	0.392157	0.0784314	0	0.518229
2120	ctx-rh-G_orbital	0.862745	0.235294	0.0784314	0	0.51888
2121	ctx-rh-G_paracentral	0.235294	0.392157	0.235294	0	0.519531
2122	ctx-rh-G_parietal_inferior-Angular_part	0.0784314	0.235294	0.862745	0	0.520182
2123	ctx-rh-G_parietal_inferior-Supramarginal_part	0.392157	0.392157	0.235294	0	0.520833
2124	ctx-rh-G_parietal_superior	0.862745	0.705882	0.862745	0	0.521484
2125	ctx-rh-G_postcentral	0.0784314	0.705882	0.54902	0	0.522135
2126	ctx-rh-G_precentral	0.235294	0.54902	0.705882	0	0.522786
2127	ctx-rh-G_precuneus	0.0980392	0.0784314	0.54902	0	0.523438
2128	ctx-rh-G_rectus	0.0784314	0.235294	0.392157	0	0.524089
2129	ctx-rh-G_subcallosal	0.235294	0.862745	0.0784314	0	0.52474
2130	ctx-rh-G_subcentral	0.235294	0.0784314	0.862745	0	0.525391
2131	ctx-rh-G_temporal_inferior	0.862745	0.862745	0.392157	0	0.526042
2132	ctx-rh-G_temporal_middle	0.705882	0.235294	0.235294	0	0.526693
2133	ctx-rh-G_temp_sup-G_temp_transv_and_interm_S	0.235294	0.235294	0.862745	0	0.527344
2134	ctx-rh-G_temp_sup-Lateral_aspect	0.862745	0.235294	0.862745	0	0.527995
2135	ctx-rh-G_temp_sup-Planum_polare	0.254902	0.862745	0.235294	0	0.528646
2136	ctx-rh-G_temp_sup-Planum_tempolare	0.0980392	0.54902	0.0784314	0	0.529297
2137	ctx-rh-G_and_S_transverse_frontopolar	0.0509804	0	0.980392	0	0.529948
2138	ctx-rh-Lat_Fissure-ant_sgt-ramus_horizontal	0.239216	0.0784314	0.862745	0	0.530599
2139	ctx-rh-Lat_Fissure-ant_sgt-ramus_vertical	0.239216	0.0784314	0.235294	0	0.53125
2140	ctx-rh-Lat_Fissure-post_sgt	0.239216	0.235294	0.392157	0	0.531901
2141	ctx-rh-Medial_wall	0.0980392	0.0980392	0.0980392	0	0.532552
2142	ctx-rh-Pole_occipital	0.54902	0.0784314	0.235294	0	0.533203
2143	ctx-rh-Pole_temporal	0.862745	0.705882	0.0784314	0	0.533854
2144	ctx-rh-S_calcarine	0.247059	0.705882	0.705882	0	0.534505
2145	ctx-rh-S_central	0.866667	0.0784314	0.0392157	0	0.535156
2146	ctx-rh-S_central_insula	0.0823529	0.862745	0.0784314	0	0.535807
2147	ctx-rh-S_cingulate-Main_part_and_Intracingulate	0.717647	0.392157	0.0784314	0	0.536458
2148	ctx-rh-S_cingulate-Marginalis_part	0.866667	0.0784314	0.392157	0	0.537109
2149	ctx-rh-S_circular_insula_anterior	0.866667	0.235294	0.54902	0	0.53776
2150	ctx-rh-S_circular_insula_inferior	0.866667	0.0784314	0.862745	0	0.538411
2151	ctx-rh-S_circular_insula_superior	0.239216	0.862745	0.862745	0	0.539062
2152	ctx-rh-S_collateral_transverse_ant	0.392157	0.784314	0.784314	0	0.539714
2153	ctx-rh-S_collateral_transverse_post	0.0392157	0.784314	0.784314	0	0.540365
2154	ctx-rh-S_frontal_inferior	0.866667	0.862745	0.0784314	0	0.541016
2155	ctx-rh-S_frontal_middle	0.552941	0.0784314	0.392157	0	0.541667
2156	ctx-rh-S_frontal_superior	0.239216	0.862745	0.392157	0	0.542318
2157	ctx-rh-S_frontomarginal	0.0823529	0.862745	0.235294	0	0.542969
2158	ctx-rh-S_intermedius_primus-Jensen	0.552941	0.235294	0.0784314	0	0.54362
2159	ctx-rh-S_intraparietal-and_Parietal_transverse	0.560784	0.0784314	0.862745	0	0.544271
2160	ctx-rh-S_occipital_anterior	0.239216	0.0784314	0.705882	0	0.544922
2161	ctx-rh-S_occipital_middle_and_Lunatus	0.396078	0.235294	0.862745	0	0.545573
2162	ctx-rh-S_occipital_superior_and_transversalis	0.0823529	0.0784314	0.54902	0	0.546224
2163	ctx-rh-S_occipito-temporal_lateral	0.866667	0.54902	0.0784314	0	0.546875
2164	ctx-rh-S_occipito-temporal_medial_and_S_Lingual	0.552941	0.392157	0.862745	0	0.547526
2165	ctx-rh-S_orbital-H_shapped	0.396078	0.0784314	0.0784314	0	0.548177
2166	ctx-rh-S_orbital_lateral	0.866667	0.392157	0.0784314	0	0.548828
2167	ctx-rh-S_orbital_medial-Or_olfactory	0.709804	0.784314	0.0784314	0	0.549479
2168	ctx-rh-S_paracentral	0.0823529	0.705882	0.54902	0	0.55013
2169	ctx-rh-S_parieto_occipital	0.396078	0.392157	0.705882	0	0.550781
2170	ctx-rh-S_pericallosal	0.709804	0.862745	0.0784314	0	0.551432
2171	ctx-rh-S_postcentral	0.0823529	0.54902	0.784314	0	0.552083
2172	ctx-rh-S_precentral-Inferior-part	0.0823529	0.0784314	0.941176	0	0.552734
2173	ctx-rh-S_precentral-Superior-part	0.0823529	0.0784314	0.784314	0	0.553385
2174	ctx-rh-S_subcentral_ant	0.239216	0.705882	0.235294	0	0.554036
2175	ctx-rh-S_subcentral_post	0.239216	0.705882	0.980392	0	0.554688
2176	ctx-rh-S_suborbital	0.0823529	0.0784314	0.235294	0	0.555339
2177	ctx-rh-S_subparietal	0.396078	0.235294	0.235294	0	0.55599
2178	ctx-rh-S_supracingulate	0.0823529	0.862745	0.862745	0	0.556641
2179	ctx-rh-S_temporal_inferior	0.0823529	0.705882	0.705882	0	0.557292
2180	ctx-rh-S_temporal_superior	0.87451	0.862745	0.235294	0	0.557943
2181	ctx-rh-S_temporal_transverse	0.866667	0.235294	0.235294	0	0.558594
2200	ctx-rh-G_cingulate-caudal_ACC	0.0980392	0.235294	0.239216	0	0.559245
2201	ctx-rh-G_cingulate-rostral_ACC	0.0980392	0.352941	0.235294	0	0.559896
2202	ctx-rh-G_cingulate-posterior	0.0980392	0.470588	0.235294	0	0.560547
2205	ctx-rh-S_cingulate-caudal_ACC	0.0980392	0.588235	0.235294	0	0.561198
2206	ctx-rh-S_cingulate-rostral_ACC	0.0980392	0.705882	0.235294	0	0.561849
2207	ctx-rh-S_cingulate-posterior	0.0980392	0.823529	0.235294	0	0.5625
2210	ctx-rh-S_pericallosal-caudal	0.0980392	0.588235	0.352941	0	0.563151
2211	ctx-rh-S_pericallosal-rostral	0.0980392	0.705882	0.352941	0	0.563802
2212	ctx-rh-S_pericallosal-posterior	0.0980392	0.823529	0.352941	0	0.564453
3100	wm-lh-Unknown	0	0	0	0	0.565104
3101	wm-lh-Corpus_callosum	0.196078	0.196078	0.196078	0	0.565755
3102	wm-lh-G_and_S_Insula_ONLY_AVERAGE	0.705882	0.0784314	0.117647	0	0.566406
3103	wm-lh-G_cingulate-Isthmus	0.235294	0.0980392	0.0980392	0	0.567057
3104	wm-lh-G_cingulate-Main_part	0.0980392	0.235294	0.235294	0	0.567708
3105	wm-lh-G_cuneus	0.705882	0.0784314	0.0784314	0	0.568359
3106	wm-lh-G_frontal_inf-Opercular_part	0.862745	0.0784314	0.392157	0	0.56901
3107	wm-lh-G_frontal_inf-Orbital_part	0.54902	0.235294	0.235294	0	0.569661
3108	wm-lh-G_frontal_inf-Triangular_part	0.705882	0.862745	0.54902	0	0.570312
3109	wm-lh-G_frontal_middle	0.54902	0.392157	0.705882	0	0.570964
3110	wm-lh-G_frontal_superior	0.705882	0.0784314	0.54902	0	0.571615
3111	wm-lh-G_frontomarginal	0.54902	0.0784314	0.54902	0	0.572266
3112	wm-lh-G_insular_long	0.0823529	0.0392157	0.0392157	0	0.572917
3113	wm-lh-G_insular_short	0.882353	0.54902	0.54902	0	0.573568
3114	wm-lh-G_and_S_occipital_inferior	0.0901961	0.235294	0.705882	0	0.574219
3115	wm-lh-G_occipital_middle	0.705882	0.235294	0.705882	0	0.57487
3116	wm-lh-G_occipital_superior	0.0784314	0.862745	0.235294	0	0.575521
3117	wm-lh-G_occipit-temp_lat-Or_fusiform	0.235294	0.0784314	0.54902	0	0.576172
3118	wm-lh-G_occipit-temp_med-Lingual_part	0.862745	0.705882	0.54902	0	0.576823
3119	wm-lh-G_occipit-temp_med-Parahippocampal_part	0.254902	0.392157	0.0784314	0	0.577474
3120	wm-lh-G_orbital	0.862745	0.235294	0.0784314	0	0.578125
3121	wm-lh-G_paracentral	0.235294	0.392157	0.235294	0	0.578776
3122	wm-lh-G_parietal_inferior-Angular_part	0.0784314	0.235294	0.862745	0	0.579427
3123	wm-lh-G_parietal_inferior-Supramarginal_part	0.392157	0.392157	0.235294	0	0.580078
3124	wm-lh-G_parietal_superior	0.862745	0.705882	0.862745	0	0.580729
3125	wm-lh-G_postcentral	0.0784314	0.705882	0.54902	0	0.58138
3126	wm-lh-G_precentral	0.235294	0.54902	0.705882	0	0.582031
3127	wm-lh-G_precuneus	0.0980392	0.0784314	0.54902	0	0.582682
3128	wm-lh-G_rectus	0.0784314	0.235294	0.392157	0	0.583333
3129	wm-lh-G_subcallosal	0.235294	0.862745	0.0784314	0	0.583984
3130	wm-lh-G_subcentral	0.235294	0.0784314	0.862745	0	0.584635
3131	wm-lh-G_temporal_inferior	0.862745	0.862745	0.392157	0	0.585286
3132	wm-lh-G_temporal_middle	0.705882	0.235294	0.235294	0	0.585938
3133	wm-lh-G_temp_sup-G_temp_transv_and_interm_S	0.235294	0.235294	0.862745	0	0.586589
3134	wm-lh-G_temp_sup-Lateral_aspect	0.862745	0.235294	0.862745	0	0.58724
3135	wm-lh-G_temp_sup-Planum_polare	0.254902	0.862745	0.235294	0	0.587891
3136	wm-lh-G_temp_sup-Planum_tempolare	0.0980392	0.54902	0.0784314	0	0.588542
3137	wm-lh-G_and_S_transverse_frontopolar	0.0509804	0	0.980392	0	0.589193
3138	wm-lh-Lat_Fissure-ant_sgt-ramus_horizontal	0.239216	0.0784314	0.862745	0	0.589844
3139	wm-lh-Lat_Fissure-ant_sgt-ramus_vertical	0.239216	0.0784314	0.235294	0	0.590495
3140	wm-lh-Lat_Fissure-post_sgt	0.239216	0.235294	0.392157	0	0.591146
3141	wm-lh-Medial_wall	0.0980392	0.0980392	0.0980392	0	0.591797
3142	wm-lh-Pole_occipital	0.54902	0.0784314	0.235294	0	0.592448
3143	wm-lh-Pole_temporal	0.862745	0.705882	0.0784314	0	0.593099
3144	wm-lh-S_calcarine	0.247059	0.705882	0.705882	0	0.59375
3145	wm-lh-S_central	0.866667	0.0784314	0.0392157	0	0.594401
3146	wm-lh-S_central_insula	0.0823529	0.862745	0.0784314	0	0.595052
3147	wm-lh-S_cingulate-Main_part_and_Intracingulate	0.717647	0.392157	0.0784314	0	0.595703
3148	wm-lh-S_cingulate-Marginalis_part	0.866667	0.0784314	0.392157	0	0.596354
3149	wm-lh-S_circular_insula_anterior	0.866667	0.235294	0.54902	0	0.597005
3150	wm-lh-S_circular_insula_inferior	0.866667	0.0784314	0.862745	0	0.597656
3151	wm-lh-S_circular_insula_superior	0.239216	0.862745	0.862745	0	0.598307
3152	wm-lh-S_collateral_transverse_ant	0.392157	0.784314	0.784314	0	0.598958
3153	wm-lh-S_collateral_transverse_post	0.0392157	0.784314	0.784314	0	0.599609
3154	wm-lh-S_frontal_inferior	0.866667	0.862745	0.0784314	0	0.60026
3155	wm-lh-S_frontal_middle	0.552941	0.0784314	0.392157	0	0.600911
3156	wm-lh-S_frontal_superior	0.239216	0.862745	0.392157	0	0.601562
3157	wm-lh-S_frontomarginal	0.0823529	0.862745	0.235294	0	0.602214
3158	wm-lh-S_intermedius_primus-Jensen	0.552941	0.235294	0.0784314	0	0.602865
3159	wm-lh-S_intraparietal-and_Parietal_transverse	0.560784	0.0784314	0.862745	0	0.603516
3160	wm-lh-S_occipital_anterior	0.239216	0.0784314	0.705882	0	0.604167
3161	wm-lh-S_occipital_middle_and_Lunatus	0.396078	0.235294	0.862745	0	0.604818
3162	wm-lh-S_occipital_superior_and_transversalis	0.0823529	0.0784314	0.54902	0	0.605469
3163	wm-lh-S_occipito-temporal_lateral	0.866667	0.54902	0.0784314	0	0.60612
3164	wm-lh-S_occipito-temporal_medial_and_S_Lingual	0.552941	0.392157	0.862745	0	0.606771
3165	wm-lh-S_orbital-H_shapped	0.396078	0.0784314	0.0784314	0	0.607422
3166	wm-lh-S_orbital_lateral	0.866667	0.392157	0.0784314	0	0.608073
3167	wm-lh-S_orbital_medial-Or_olfactory	0.709804	0.784314	0.0784314	0	0.608724
3168	wm-lh-S_paracentral	0.0823529	0.705882	0.54902	0	0.609375
3169	wm-lh-S_parieto_occipital	0.396078	0.392157	0.705882	0	0.610026
3170	wm-lh-S_pericallosal	0.709804	0.862745	0.0784314	0	0.610677
3171	wm-lh-S_postcentral	0.0823529	0.54902	0.784314	0	0.611328
3172	wm-lh-S_precentral-Inferior-part	0.0823529	0.0784314	0.941176	0	0.611979
3173	wm-lh-S_precentral-Superior-part	0.0823529	0.0784314	0.784314	0	0.61263
3174	wm-lh-S_subcentral_ant	0.239216	0.705882	0.235294	0	0.613281
3175	wm-lh-S_subcentral_post	0.239216	0.705882	0.980392	0	0.613932
3176	wm-lh-S_suborbital	0.0823529	0.0784314	0.235294	0	0.614583
3177	wm-lh-S_subparietal	0.396078	0.235294	0.235294	0	0.615234
3178	wm-lh-S_supracingulate	0.0823529	0.862745	0.862745	0	0.615885
3179	wm-lh-S_temporal_inferior	0.0823529	0.705882	0.705882	0	0.616536
3180	wm-lh-S_temporal_superior	0.87451	0.862745	0.235294	0	0.617188
3181	wm-lh-S_temporal_transverse	0.866667	0.235294	0.235294	0	0.617839
4100	wm-rh-Unknown	0	0	0	0	0.61849
4101	wm-rh-Corpus_callosum	0.196078	0.196078	0.196078	0	0.619141
4102	wm-rh-G_and_S_Insula_ONLY_AVERAGE	0.705882	0.0784314	0.117647	0	0.619792
4103	wm-rh-G_cingulate-Isthmus	0.235294	0.0980392	0.0980392	0	0.620443
4104	wm-rh-G_cingulate-Main_part	0.0980392	0.235294	0.235294	0	0.621094
4105	wm-rh-G_cuneus	0.705882	0.0784314	0.0784314	0	0.621745
4106	wm-rh-G_frontal_inf-Opercular_part	0.862745	0.0784314	0.392157	0	0.622396
4107	wm-rh-G_frontal_inf-Orbital_part	0.54902	0.235294	0.235294	0	0.623047
4108	wm-rh-G_frontal_inf-Triangular_part	0.705882	0.862745	0.54902	0	0.623698
4109	wm-rh-G_frontal_middle	0.54902	0.392157	0.705882	0	0.624349
4110	wm-rh-G_frontal_superior	0.705882	0.0784314	0.54902	0	0.625
4111	wm-rh-G_frontomarginal	0.54902	0.0784314	0.54902	0	0.625651
4112	wm-rh-G_insular_long	0.0823529	0.0392157	0.0392157	0	0.626302
4113	wm-rh-G_insular_short	0.882353	0.54902	0.54902	0	0.626953
4114	wm-rh-G_and_S_occipital_inferior	0.0901961	0.235294	0.705882	0	0.627604
4115	wm-rh-G_occipital_middle	0.705882	0.235294	0.705882	0	0.628255
4116	wm-rh-G_occipital_superior	0.0784314	0.862745	0.235294	0	0.628906
4117	wm-rh-G_occipit-temp_lat-Or_fusiform	0.235294	0.0784314	0.54902	0	0.629557
4118	wm-rh-G_occipit-temp_med-Lingual_part	0.862745	0.705882	0.54902	0	0.630208
4119	wm-rh-G_occipit-temp_med-Parahippocampal_part	0.254902	0.392157	0.0784314	0	0.630859
4120	wm-rh-G_orbital	0.862745	0.235294	0.0784314	0	0.63151
4121	wm-rh-G_paracentral	0.235294	0.392157	0.235294	0	0.632161
4122	wm-rh-G_parietal_inferior-Angular_part	0.0784314	0.235294	0.862745	0	0.632812
4123	wm-rh-G_parietal_inferior-Supramarginal_part	0.392157	0.392157	0.235294	0	0.633464
4124	wm-rh-G_parietal_superior	0.862745	0.705882	0.862745	0	0.634115
4125	wm-rh-G_postcentral	0.0784314	0.705882	0.54902	0	0.634766
4126	wm-rh-G_precentral	0.235294	0.54902	0.705882	0	0.635417
4127	wm-rh-G_precuneus	0.0980392	0.0784314	0.54902	0	0.636068
4128	wm-rh-G_rectus	0.0784314	0.235294	0.392157	0	0.636719
4129	wm-rh-G_subcallosal	0.235294	0.862745	0.0784314	0	0.63737
4130	wm-rh-G_subcentral	0.235294	0.0784314	0.862745	0	0.638021
4131	wm-rh-G_temporal_inferior	0.862745	0.862745	0.392157	0	0.638672
4132	wm-rh-G_temporal_middle	0.705882	0.235294	0.235294	0	0.639323
4133	wm-rh-G_temp_sup-G_temp_transv_and_interm_S	0.235294	0.235294	0.862745	0	0.639974
4134	wm-rh-G_temp_sup-Lateral_aspect	0.862745	0.235294	0.862745	0	0.640625
4135	wm-rh-G_temp_sup-Planum_polare	0.254902	0.862745	0.235294	0	0.641276
4136	wm-rh-G_temp_sup-Planum_tempolare	0.0980392	0.54902	0.0784314	0	0.641927
4137	wm-rh-G_and_S_transverse_frontopolar	0.0509804	0	0.980392	0	0.642578
4138	wm-rh-Lat_Fissure-ant_sgt-ramus_horizontal	0.239216	0.0784314	0.862745	0	0.643229
4139	wm-rh-Lat_Fissure-ant_sgt-ramus_vertical	0.239216	0.0784314	0.235294	0	0.64388
4140	wm-rh-Lat_Fissure-post_sgt	0.239216	0.235294	0.392157	0	0.644531
4141	wm-rh-Medial_wall	0.0980392	0.0980392	0.0980392	0	0.645182
4142	wm-rh-Pole_occipital	0.54902	0.0784314	0.235294	0	0.645833
4143	wm-rh-Pole_temporal	0.862745	0.705882	0.0784314	0	0.646484
4144	wm-rh-S_calcarine	0.247059	0.705882	0.705882	0	0.647135
4145	wm-rh-S_central	0.866667	0.0784314	0.0392157	0	0.647786
4146	wm-rh-S_central_insula	0.0823529	0.862745	0.0784314	0	0.648438
4147	wm-rh-S_cingulate-Main_part_and_Intracingulate	0.717647	0.392157	0.0784314	0	0.649089
4148	wm-rh-S_cingulate-Marginalis_part	0.866667	0.0784314	0.392157	0	0.64974
4149	wm-rh-S_circular_insula_anterior	0.866667	0.235294	0.54902	0	0.650391
4150	wm-rh-S_circular_insula_inferior	0.866667	0.0784314	0.862745	0	0.651042
4151	wm-rh-S_circular_insula_superior	0.239216	0.862745	0.862745	0	0.651693
4152	wm-rh-S_collateral_transverse_ant	0.392157	0.784314	0.784314	0	0.652344
4153	wm-rh-S_collateral_transverse_post	0.0392157	0.784314	0.784314	0	0.652995
4154	wm-rh-S_frontal_inferior	0.866667	0.862745	0.0784314	0	0.653646
4155	wm-rh-S_frontal_middle	0.552941	0.0784314	0.392157	0	0.654297
4156	wm-rh-S_frontal_superior	0.239216	0.862745	0.392157	0	0.654948
4157	wm-rh-S_frontomarginal	0.0823529	0.862745	0.235294	0	0.655599
4158	wm-rh-S_intermedius_primus-Jensen	0.552941	0.235294	0.0784314	0	0.65625
4159	wm-rh-S_intraparietal-and_Parietal_transverse	0.560784	0.0784314	0.862745	0	0.656901
4160	wm-rh-S_occipital_anterior	0.239216	0.0784314	0.705882	0	0.657552
4161	wm-rh-S_occipital_middle_and_Lunatus	0.396078	0.235294	0.862745	0	0.658203
4162	wm-rh-S_occipital_superior_and_transversalis	0.0823529	0.0784314	0.54902	0	0.658854
4163	wm-rh-S_occipito-temporal_lateral	0.866667	0.54902	0.0784314	0	0.659505
4164	wm-rh-S_occipito-temporal_medial_and_S_Lingual	0.552941	0.392157	0.862745	0	0.660156
4165	wm-rh-S_orbital-H_shapped	0.396078	0.0784314	0.0784314	0	0.660807
4166	wm-rh-S_orbital_lateral	0.866667	0.392157	0.0784314	0	0.661458
4167	wm-rh-S_orbital_medial-Or_olfactory	0.709804	0.784314	0.0784314	0	0.662109
4168	wm-rh-S_paracentral	0.0823529	0.705882	0.54902	0	0.66276
4169	wm-rh-S_parieto_occipital	0.396078	0.392157	0.705882	0	0.663411
4170	wm-rh-S_pericallosal	0.709804	0.862745	0.0784314	0	0.664062
4171	wm-rh-S_postcentral	0.0823529	0.54902	0.784314	0	0.664714
4172	wm-rh-S_precentral-Inferior-part	0.0823529	0.0784314	0.941176	0	0.665365
4173	wm-rh-S_precentral-Superior-part	0.0823529	0.0784314	0.784314	0	0.666016
4174	wm-rh-S_subcentral_ant	0.239216	0.705882	0.235294	0	0.666667
4175	wm-rh-S_subcentral_post	0.239216	0.705882	0.980392	0	0.667318
4176	wm-rh-S_suborbital	0.0823529	0.0784314	0.235294	0	0.667969
4177	wm-rh-S_subparietal	0.396078	0.235294	0.235294	0	0.66862
4178	wm-rh-S_supracingulate	0.0823529	0.862745	0.862745	0	0.669271
4179	wm-rh-S_temporal_inferior	0.0823529	0.705882	0.705882	0	0.669922
4180	wm-rh-S_temporal_superior	0.87451	0.862745	0.235294	0	0.670573
4181	wm-rh-S_temporal_transverse	0.866667	0.235294	0.235294	0	0.671224
5001	Left-UnsegmentedWhiteMatter	0.0784314	0.117647	0.156863	0	0.671875
5002	Right-UnsegmentedWhiteMatter	0.0784314	0.117647	0.156863	0	0.672526
5100	fmajor	0.8	0.4	0.4	0	0.673177
5101	fminor	0.8	0.4	0.4	0	0.673828
5102	cc.body	0.8	0.4	0.4	0	0.674479
5103	cc.bodyc	1	0.6	0.6	0	0.67513
5104	cc.bodypf	1	0.6	0.6	0	0.675781
5105	cc.bodypm	1	0.8	0.8	0	0.676432
5106	cc.bodyp	1	0.4	0.4	0	0.677083
5107	cc.bodyt	1	0.8	0.8	0	0.677734
5108	cc.genu	1	0.4	0.4	0	0.678385
5109	cc.rostrum	0.8	0.2	0.2	0	0.679036
5110	cc.splenium	0.8	0.2	0.2	0	0.679688
5111	acomm	0.8	0.4	0.4	0	0.680339
5112	mcp	0.4	0.2	0.6	0	0.68099
5200	lh.atr	1	1	0.4	0	0.681641
5201	lh.cab	0.6	0.8	0	0	0.682292
5202	lh.ccg	0	0.6	0.6	0	0.682943
5203	lh.cst	0.8	0.6	1	0	0.683594
5204	lh.ilf	1	0.6	0.2	0	0.684245
5205	lh.slfp	0.8	0.8	0.8	0	0.684896
5206	lh.slft	0.6	1	1	0	0.685547
5207	lh.unc	0.4	0.6	1	0	0.686198
5208	lh.cb	0	0.6	0.6	0	0.686849
5209	lh.slf	0.8	0.8	0.8	0	0.6875
5210	lh.af	0.6	1	1	0	0.688151
5211	lh.ifof	0.2	0.6	0.2	0	0.688802
5212	lh.fx	1	0.6	0.8	0	0.689453
5213	lh.fat	0.8	0.2	0.4	0	0.690104
5214	lh.or	0.6	0.4	1	0	0.690755
5215	lh.mlf	1	1	0.8	0	0.691406
5216	lh.slf1	0.2	0.8	1	0	0.692057
5217	lh.slf2	0.2	1	0.8	0	0.692708
5218	lh.slf3	0.8	0.8	0.8	0	0.693359
5219	lh.afd	0.6	1	1	0	0.69401
5220	lh.afv	0.6	1	1	0	0.694661
5221	lh.ar	0.6	0	0.8	0	0.695312
5222	lh.cbd	0	0.6	0.6	0	0.695964
5223	lh.cbv	0.6	0.8	0	0	0.696615
5224	lh.emc	0.2	0.6	0.2	0	0.697266
5225	lh.uf	0.4	0.6	1	0	0.697917
5300	rh.atr	1	1	0.4	0	0.698568
5301	rh.cab	0.6	0.8	0	0	0.699219
5302	rh.ccg	0	0.6	0.6	0	0.69987
5303	rh.cst	0.8	0.6	1	0	0.700521
5304	rh.ilf	1	0.6	0.2	0	0.701172
5305	rh.slfp	0.8	0.8	0.8	0	0.701823
5306	rh.slft	0.6	1	1	0	0.702474
5307	rh.unc	0.4	0.6	1	0	0.703125
5308	rh.cb	0	0.6	0.6	0	0.703776
5309	rh.slf	0.8	0.8	0.8	0	0.704427
5310	rh.af	0.6	1	1	0	0.705078
5311	rh.ifof	0.2	0.6	0.2	0	0.705729
5312	rh.fx	1	0.6	0.8	0	0.70638
5313	rh.fat	0.8	0.2	0.4	0	0.707031
5314	rh.or	0.6	0.4	1	0	0.707682
5315	rh.mlf	1	1	0.8	0	0.708333
5316	rh.slf1	0.2	0.8	1	0	0.708984
5317	rh.slf2	0.2	1	0.8	0	0.709635
5318	rh.slf3	0.8	0.8	0.8	0	0.710286
5319	rh.afd	0.6	1	1	0	0.710938
5320	rh.afv	0.6	1	1	0	0.711589
5321	rh.ar	0.6	0	0.8	0	0.71224
5322	rh.cbd	0	0.6	0.6	0	0.712891
5323	rh.cbv	0.6	0.8	0	0	0.713542
5324	rh.emc	0.2	0.6	0.2	0	0.714193
5325	rh.uf	0.4	0.6	1	0	0.714844
6000	CST-orig	0	1	0	0	0.715495
6001	CST-hammer	1	1	0	0	0.716146
6002	CST-CVS	0	1	1	0	0.716797
6003	CST-flirt	0	0	1	0	0.717448
6010	Left-SLF1	0.92549	0.0627451	0.905882	0	0.718099
6020	Right-SLF1	0.929412	0.0705882	0.909804	0	0.71875
6030	Left-SLF3	0.92549	0.0509804	0.890196	0	0.719401
6040	Right-SLF3	0.92549	0.0666667	0.894118	0	0.720052
6050	Left-CST	0.00392157	1	0.00392157	0	0.720703
6060	Right-CST	0.00784314	1	0.00392157	0	0.721354
6070	Left-SLF2	0.92549	0.054902	0.901961	0	0.722005
6080	Right-SLF2	0.929412	0.054902	0.901961	0	0.722656
7001	Lateral-nucleus	0.282353	0.517647	0.709804	0	0.723307
7002	Basolateral-nucleus	0.952941	0.952941	0.952941	0	0.723958
7003	Basal-nucleus	0.811765	0.247059	0.309804	0	0.724609
7004	Centromedial-nucleus	0.47451	0.0784314	0.529412	0	0.72526
7005	Central-nucleus	0.772549	0.235294	0.972549	0	0.725911
7006	Medial-nucleus	0.00784314	0.584314	0.00784314	0	0.726562
7007	Cortical-nucleus	0.866667	0.976471	0.65098	0	0.727214
7008	Accessory-Basal-nucleus	0.909804	0.572549	0.137255	0	0.727865
7009	Corticoamygdaloid-transitio	0.0784314	0.235294	0.470588	0	0.728516
7010	Anterior-amygdaloid-area-AAA	0.980392	0.980392	0	0	0.729167
7011	Fusion-amygdala-HP-FAH	0.478431	0.733333	0.870588	0	0.729818
7012	Hippocampal-amygdala-transition-HATA	0.929412	0.0470588	0.694118	0	0.730469
7013	Endopiriform-nucleus	0.0392157	0.192157	1	0	0.73112
7014	Lateral-nucleus-olfactory-tract	0.803922	0.721569	0.564706	0	0.731771
7015	Paralaminar-nucleus	0.176471	0.803922	0.647059	0	0.732422
7016	Intercalated-nucleus	0.458824	0.627451	0.686275	0	0.733073
7017	Prepiriform-cortex	0.866667	0.85098	0.0823529	0	0.733724
7018	Periamygdaloid-cortex	0.0784314	0.235294	0.470588	0	0.734375
7019	Envelope-Amygdala	0.552941	0.0823529	0.392157	0	0.735026
7020	Extranuclear-Amydala	0.882353	0.54902	0.552941	0	0.735677
7100	Brainstem-inferior-colliculus	0.164706	0.788235	0.658824	0	0.736328
7101	Brainstem-cochlear-nucleus	0.658824	0.407843	0.635294	0	0.736979
7201	DR	0.47451	1	0.980392	0	0.73763
7202	MnR	0	1	0	0	0.738281
7203	PAG	0.6	0.6	1	0	0.738932
7204	VTA	1	0	1	0	0.739583
7301	Left-LC	0	0	1	0	0.740234
7302	Left-LDTg	1	0.498039	0	0	0.740885
7303	Left-mRt	1	0	0	0	0.741536
7304	Left-PBC	1	1	0	0	0.742188
7305	Left-PnO	0	0.498039	1	0	0.742839
7306	Left-PTg	0.498039	0	1	0	0.74349
7401	Right-LC	0	0	1	0	0.744141
7402	Right-LDTg	1	0.498039	0	0	0.744792
7403	Right-mRt	1	0	0	0	0.745443
7404	Right-PBC	1	1	0	0	0.746094
7405	Right-PnO	0	0.498039	1	0	0.746745
7406	Right-PTg	0.498039	0	1	0	0.747396
8001	Thalamus-Anterior	0.290196	0.509804	0.709804	0	0.748047
8002	Thalamus-Ventral-anterior	0.94902	0.945098	0.941176	0	0.748698
8003	Thalamus-Lateral-dorsal	0.807843	0.254902	0.305882	0	0.749349
8004	Thalamus-Lateral-posterior	0.470588	0.0823529	0.521569	0	0.75
8005	Thalamus-Ventral-lateral	0.764706	0.239216	0.964706	0	0.750651
8006	Thalamus-Ventral-posterior-medial	0.0117647	0.576471	0.0235294	0	0.751302
8007	Thalamus-Ventral-posterior-lateral	0.862745	0.984314	0.639216	0	0.751953
8008	Thalamus-intralaminar	0.909804	0.572549	0.129412	0	0.752604
8009	Thalamus-centromedian	0.0156863	0.447059	0.054902	0	0.753255
8010	Thalamus-mediodorsal	0.47451	0.721569	0.862745	0	0.753906
8011	Thalamus-medial	0.921569	0.0431373	0.686275	0	0.754557
8012	Thalamus-pulvinar	0.0470588	0.180392	0.980392	0	0.755208
8013	Thalamus-lateral-geniculate	0.796078	0.713726	0.560784	0	0.755859
8014	Thalamus-medial-geniculate	0.164706	0.8	0.654902	0	0.75651
8103	Left-AV	0	0.333333	0	0	0.757161
8104	Left-CeM	0.666667	0.333333	0	0	0.757812
8105	Left-CL	0	0.666667	0	0	0.758464
8106	Left-CM	0.666667	0.666667	0	0	0.759115
8108	Left-LD	0.666667	1	0	0	0.759766
8109	Left-LGN	0	0	0.498039	0	0.760417
8110	Left-LP	0	0.333333	0.498039	0	0.761068
8111	Left-L-Sg	0.666667	0.333333	0.498039	0	0.761719
8112	Left-MDl	0	0.666667	0.498039	0	0.76237
8113	Left-MDm	0.666667	0.666667	0.498039	0	0.763021
8115	Left-MGN	0.666667	1	0.498039	0	0.763672
8116	Left-MV(Re)	0	0	1	0	0.764323
8117	Left-Pc	0.666667	0	1	0	0.764974
8118	Left-Pf	0	0.333333	1	0	0.765625
8119	Left-Pt	0.666667	0.333333	1	0	0.766276
8120	Left-PuA	0	0.666667	1	0	0.766927
8121	Left-PuI	0.666667	0.666667	1	0	0.767578
8122	Left-PuL	0	1	1	0	0.768229
8123	Left-PuM	0.666667	1	1	0	0.76888
8125	Left-R	1	0	0	0	0.769531
8126	Left-VA	0.333333	0.333333	0	0	0.770182
8127	Left-VAmc	1	0.333333	0	0	0.770833
8128	Left-VLa	0.333333	0.666667	0	0	0.771484
8129	Left-VLp	1	0.666667	0	0	0.772135
8130	Left-VM	0.333333	1	0	0	0.772786
8133	Left-VPL	1	0	1	0	0.773438
8134	Left-PaV	0.470588	0.0705882	0.52549	0	0.774089
8203	Right-AV	0	0.333333	0	0	0.77474
8204	Right-CeM	0.666667	0.333333	0	0	0.775391
8205	Right-CL	0	0.666667	0	0	0.776042
8206	Right-CM	0.666667	0.666667	0	0	0.776693
8208	Right-LD	0.666667	1	0	0	0.777344
8209	Right-LGN	0	0	0.498039	0	0.777995
8210	Right-LP	0	0.333333	0.498039	0	0.778646
8211	Right-L-Sg	0.666667	0.333333	0.498039	0	0.779297
8212	Right-MDl	0	0.666667	0.498039	0	0.779948
8213	Right-MDm	0.666667	0.666667	0.498039	0	0.780599
8215	Right-MGN	0.666667	1	0.498039	0	0.78125
8216	Right-MV(Re)	0	0	1	0	0.781901
8217	Right-Pc	0.666667	0	1	0	0.782552
8218	Right-Pf	0	0.333333	1	0	0.783203
8219	Right-Pt	0.666667	0.333333	1	0	0.783854
8220	Right-PuA	0	0.666667	1	0	0.784505
8221	Right-PuI	0.666667	0.666667	1	0	0.785156
8222	Right-PuL	0	1	1	0	0.785807
8223	Right-PuM	0.666667	1	1	0	0.786458
8225	Right-R	1	0	0	0	0.787109
8226	Right-VA	0.333333	0.333333	0	0	0.78776
8227	Right-VAmc	1	0.333333	0	0	0.788411
8228	Right-VLa	0.333333	0.666667	0	0	0.789062
8229	Right-VLp	1	0.666667	0	0	0.789714
8230	Right-VM	0.333333	1	0	0	0.790365
8233	Right-VPL	1	0	1	0	0.791016
8234	Right-PaV	0.470588	0.0705882	0.52549	0	0.791667
9000	ctx-lh-prefrontal	0.196078	0.392157	0.117647	0	0.792318
9001	ctx-lh-primary-motor	0.117647	0.392157	0.176471	0	0.792969
9002	ctx-lh-premotor	0.509804	0.392157	0.647059	0	0.79362
9003	ctx-lh-temporal	0.411765	0.0980392	0.0196078	0	0.794271
9004	ctx-lh-posterior-parietal	0.490196	0.27451	0.215686	0	0.794922
9005	ctx-lh-prim-sec-somatosensory	0.882353	0.0784314	0.411765	0	0.795573
9006	ctx-lh-occipital	0.882353	0.0784314	0.0588235	0	0.796224
9500	ctx-rh-prefrontal	0.196078	0.784314	0.117647	0	0.796875
9501	ctx-rh-primary-motor	0.117647	0.588235	0.176471	0	0.797526
9502	ctx-rh-premotor	0.509804	0.588235	0.647059	0	0.798177
9503	ctx-rh-temporal	0.411765	0.294118	0.0196078	0	0.798828
9504	ctx-rh-posterior-parietal	0.490196	0.470588	0.215686	0	0.799479
9505	ctx-rh-prim-sec-somatosensory	0.882353	0.27451	0.411765	0	0.80013
9506	ctx-rh-occipital	0.882353	0.27451	0.0588235	0	0.800781
11100	ctx_lh_Unknown	0	0	0	0	0.801432
11101	ctx_lh_G_and_S_frontomargin	0.0901961	0.862745	0.235294	0	0.802083
11102	ctx_lh_G_and_S_occipital_inf	0.0901961	0.235294	0.705882	0	0.802734
11103	ctx_lh_G_and_S_paracentral	0.247059	0.392157	0.235294	0	0.803385
11104	ctx_lh_G_and_S_subcentral	0.247059	0.0784314	0.862745	0	0.804036
11105	ctx_lh_G_and_S_transv_frontopol	0.0509804	0	0.980392	0	0.804688
11106	ctx_lh_G_and_S_cingul-Ant	0.101961	0.235294	0	0	0.805339
11107	ctx_lh_G_and_S_cingul-Mid-Ant	0.101961	0.235294	0.294118	0	0.80599
11108	ctx_lh_G_and_S_cingul-Mid-Post	0.101961	0.235294	0.588235	0	0.806641
11109	ctx_lh_G_cingul-Post-dorsal	0.0980392	0.235294	0.980392	0	0.807292
11110	ctx_lh_G_cingul-Post-ventral	0.235294	0.0980392	0.0980392	0	0.807943
11111	ctx_lh_G_cuneus	0.705882	0.0784314	0.0784314	0	0.808594
11112	ctx_lh_G_front_inf-Opercular	0.862745	0.0784314	0.392157	0	0.809245
11113	ctx_lh_G_front_inf-Orbital	0.54902	0.235294	0.235294	0	0.809896
11114	ctx_lh_G_front_inf-Triangul	0.705882	0.862745	0.54902	0	0.810547
11115	ctx_lh_G_front_middle	0.54902	0.392157	0.705882	0	0.811198
11116	ctx_lh_G_front_sup	0.705882	0.0784314	0.54902	0	0.811849
11117	ctx_lh_G_Ins_lg_and_S_cent_ins	0.0901961	0.0392157	0.0392157	0	0.8125
11118	ctx_lh_G_insular_short	0.882353	0.54902	0.54902	0	0.813151
11119	ctx_lh_G_occipital_middle	0.705882	0.235294	0.705882	0	0.813802
11120	ctx_lh_G_occipital_sup	0.0784314	0.862745	0.235294	0	0.814453
11121	ctx_lh_G_oc-temp_lat-fusifor	0.235294	0.0784314	0.54902	0	0.815104
11122	ctx_lh_G_oc-temp_med-Lingual	0.862745	0.705882	0.54902	0	0.815755
11123	ctx_lh_G_oc-temp_med-Parahip	0.254902	0.392157	0.0784314	0	0.816406
11124	ctx_lh_G_orbital	0.862745	0.235294	0.0784314	0	0.817057
11125	ctx_lh_G_pariet_inf-Angular	0.0784314	0.235294	0.862745	0	0.817708
11126	ctx_lh_G_pariet_inf-Supramar	0.392157	0.392157	0.235294	0	0.818359
11127	ctx_lh_G_parietal_sup	0.862745	0.705882	0.862745	0	0.81901
11128	ctx_lh_G_postcentral	0.0784314	0.705882	0.54902	0	0.819661
11129	ctx_lh_G_precentral	0.235294	0.54902	0.705882	0	0.820312
11130	ctx_lh_G_precuneus	0.0980392	0.0784314	0.54902	0	0.820964
11131	ctx_lh_G_rectus	0.0784314	0.235294	0.392157	0	0.821615
11132	ctx_lh_G_subcallosal	0.235294	0.862745	0.0784314	0	0.822266
11133	ctx_lh_G_temp_sup-G_T_transv	0.235294	0.235294	0.862745	0	0.822917
11134	ctx_lh_G_temp_sup-Lateral	0.862745	0.235294	0.862745	0	0.823568
11135	ctx_lh_G_temp_sup-Plan_polar	0.254902	0.862745	0.235294	0	0.824219
11136	ctx_lh_G_temp_sup-Plan_tempo	0.0980392	0.54902	0.0784314	0	0.82487
11137	ctx_lh_G_temporal_inf	0.862745	0.862745	0.392157	0	0.825521
11138	ctx_lh_G_temporal_middle	0.705882	0.235294	0.235294	0	0.826172
11139	ctx_lh_Lat_Fis-ant-Horizont	0.239216	0.0784314	0.862745	0	0.826823
11140	ctx_lh_Lat_Fis-ant-Vertical	0.239216	0.0784314	0.235294	0	0.827474
11141	ctx_lh_Lat_Fis-post	0.239216	0.235294	0.392157	0	0.828125
11142	ctx_lh_Medial_wall	0.0980392	0.0980392	0.0980392	0	0.828776
11143	ctx_lh_Pole_occipital	0.54902	0.0784314	0.235294	0	0.829427
11144	ctx_lh_Pole_temporal	0.862745	0.705882	0.0784314	0	0.830078
11145	ctx_lh_S_calcarine	0.247059	0.705882	0.705882	0	0.830729
11146	ctx_lh_S_central	0.866667	0.0784314	0.0392157	0	0.83138
11147	ctx_lh_S_cingul-Marginalis	0.866667	0.0784314	0.392157	0	0.832031
11148	ctx_lh_S_circular_insula_ant	0.866667	0.235294	0.54902	0	0.832682
11149	ctx_lh_S_circular_insula_inf	0.866667	0.0784314	0.862745	0	0.833333
11150	ctx_lh_S_circular_insula_sup	0.239216	0.862745	0.862745	0	0.833984
11151	ctx_lh_S_collat_transv_ant	0.392157	0.784314	0.784314	0	0.834635
11152	ctx_lh_S_collat_transv_post	0.0392157	0.784314	0.784314	0	0.835286
11153	ctx_lh_S_front_inf	0.866667	0.862745	0.0784314	0	0.835938
11154	ctx_lh_S_front_middle	0.552941	0.0784314	0.392157	0	0.836589
11155	ctx_lh_S_front_sup	0.239216	0.862745	0.392157	0	0.83724
11156	ctx_lh_S_interm_prim-Jensen	0.552941	0.235294	0.0784314	0	0.837891
11157	ctx_lh_S_intrapariet_and_P_trans	0.560784	0.0784314	0.862745	0	0.838542
11158	ctx_lh_S_oc_middle_and_Lunatus	0.396078	0.235294	0.862745	0	0.839193
11159	ctx_lh_S_oc_sup_and_transversal	0.0823529	0.0784314	0.54902	0	0.839844
11160	ctx_lh_S_occipital_ant	0.239216	0.0784314	0.705882	0	0.840495
11161	ctx_lh_S_oc-temp_lat	0.866667	0.54902	0.0784314	0	0.841146
11162	ctx_lh_S_oc-temp_med_and_Lingual	0.552941	0.392157	0.862745	0	0.841797
11163	ctx_lh_S_orbital_lateral	0.866667	0.392157	0.0784314	0	0.842448
11164	ctx_lh_S_orbital_med-olfact	0.709804	0.784314	0.0784314	0	0.843099
11165	ctx_lh_S_orbital-H_Shaped	0.396078	0.0784314	0.0784314	0	0.84375
11166	ctx_lh_S_parieto_occipital	0.396078	0.392157	0.705882	0	0.844401
11167	ctx_lh_S_pericallosal	0.709804	0.862745	0.0784314	0	0.845052
11168	ctx_lh_S_postcentral	0.0823529	0.54902	0.784314	0	0.845703
11169	ctx_lh_S_precentral-inf-part	0.0823529	0.0784314	0.941176	0	0.846354
11170	ctx_lh_S_precentral-sup-part	0.0823529	0.0784314	0.784314	0	0.847005
11171	ctx_lh_S_suborbital	0.0823529	0.0784314	0.235294	0	0.847656
11172	ctx_lh_S_subparietal	0.396078	0.235294	0.235294	0	0.848307
11173	ctx_lh_S_temporal_inf	0.0823529	0.705882	0.705882	0	0.848958
11174	ctx_lh_S_temporal_sup	0.87451	0.862745	0.235294	0	0.849609
11175	ctx_lh_S_temporal_transverse	0.866667	0.235294	0.235294	0	0.85026
12100	ctx_rh_Unknown	0	0	0	0	0.850911
12101	ctx_rh_G_and_S_frontomargin	0.0901961	0.862745	0.235294	0	0.851562
12102	ctx_rh_G_and_S_occipital_inf	0.0901961	0.235294	0.705882	0	0.852214
12103	ctx_rh_G_and_S_paracentral	0.247059	0.392157	0.235294	0	0.852865
12104	ctx_rh_G_and_S_subcentral	0.247059	0.0784314	0.862745	0	0.853516
12105	ctx_rh_G_and_S_transv_frontopol	0.0509804	0	0.980392	0	0.854167
12106	ctx_rh_G_and_S_cingul-Ant	0.101961	0.235294	0	0	0.854818
12107	ctx_rh_G_and_S_cingul-Mid-Ant	0.101961	0.235294	0.294118	0	0.855469
12108	ctx_rh_G_and_S_cingul-Mid-Post	0.101961	0.235294	0.588235	0	0.85612
12109	ctx_rh_G_cingul-Post-dorsal	0.0980392	0.235294	0.980392	0	0.856771
12110	ctx_rh_G_cingul-Post-ventral	0.235294	0.0980392	0.0980392	0	0.857422
12111	ctx_rh_G_cuneus	0.705882	0.0784314	0.0784314	0	0.858073
12112	ctx_rh_G_front_inf-Opercular	0.862745	0.0784314	0.392157	0	0.858724
12113	ctx_rh_G_front_inf-Orbital	0.54902	0.235294	0.235294	0	0.859375
12114	ctx_rh_G_front_inf-Triangul	0.705882	0.862745	0.54902	0	0.860026
12115	ctx_rh_G_front_middle	0.54902	0.392157	0.705882	0	0.860677
12116	ctx_rh_G_front_sup	0.705882	0.0784314	0.54902	0	0.861328
12117	ctx_rh_G_Ins_lg_and_S_cent_ins	0.0901961	0.0392157	0.0392157	0	0.861979
12118	ctx_rh_G_insular_short	0.882353	0.54902	0.54902	0	0.86263
12119	ctx_rh_G_occipital_middle	0.705882	0.235294	0.705882	0	0.863281
12120	ctx_rh_G_occipital_sup	0.0784314	0.862745	0.235294	0	0.863932
12121	ctx_rh_G_oc-temp_lat-fusifor	0.235294	0.0784314	0.54902	0	0.864583
12122	ctx_rh_G_oc-temp_med-Lingual	0.862745	0.705882	0.54902	0	0.865234
12123	ctx_rh_G_oc-temp_med-Parahip	0.254902	0.392157	0.0784314	0	0.865885
12124	ctx_rh_G_orbital	0.862745	0.235294	0.0784314	0	0.866536
12125	ctx_rh_G_pariet_inf-Angular	0.0784314	0.235294	0.862745	0	0.867188
12126	ctx_rh_G_pariet_inf-Supramar	0.392157	0.392157	0.235294	0	0.867839
12127	ctx_rh_G_parietal_sup	0.862745	0.705882	0.862745	0	0.86849
12128	ctx_rh_G_postcentral	0.0784314	0.705882	0.54902	0	0.869141
12129	ctx_rh_G_precentral	0.235294	0.54902	0.705882	0	0.869792
12130	ctx_rh_G_precuneus	0.0980392	0.0784314	0.54902	0	0.870443
12131	ctx_rh_G_rectus	0.0784314	0.235294	0.392157	0	0.871094
12132	ctx_rh_G_subcallosal	0.235294	0.862745	0.0784314	0	0.871745
12133	ctx_rh_G_temp_sup-G_T_transv	0.235294	0.235294	0.862745	0	0.872396
12134	ctx_rh_G_temp_sup-Lateral	0.862745	0.235294	0.862745	0	0.873047
12135	ctx_rh_G_temp_sup-Plan_polar	0.254902	0.862745	0.235294	0	0.873698
12136	ctx_rh_G_temp_sup-Plan_tempo	0.0980392	0.54902	0.0784314	0	0.874349
12137	ctx_rh_G_temporal_inf	0.862745	0.862745	0.392157	0	0.875
12138	ctx_rh_G_temporal_middle	0.705882	0.235294	0.235294	0	0.875651
12139	ctx_rh_Lat_Fis-ant-Horizont	0.239216	0.0784314	0.862745	0	0.876302
12140	ctx_rh_Lat_Fis-ant-Vertical	0.239216	0.0784314	0.235294	0	0.876953
12141	ctx_rh_Lat_Fis-post	0.239216	0.235294	0.392157	0	0.877604
12142	ctx_rh_Medial_wall	0.0980392	0.0980392	0.0980392	0	0.878255
12143	ctx_rh_Pole_occipital	0.54902	0.0784314	0.235294	0	0.878906
12144	ctx_rh_Pole_temporal	0.862745	0.705882	0.0784314	0	0.879557
12145	ctx_rh_S_calcarine	0.247059	0.705882	0.705882	0	0.880208
12146	ctx_rh_S_central	0.866667	0.0784314	0.0392157	0	0.880859
12147	ctx_rh_S_cingul-Marginalis	0.866667	0.0784314	0.392157	0	0.88151
12148	ctx_rh_S_circular_insula_ant	0.866667	0.235294	0.54902	0	0.882161
12149	ctx_rh_S_circular_insula_inf	0.866667	0.0784314	0.862745	0	0.882812
12150	ctx_rh_S_circular_insula_sup	0.239216	0.862745	0.862745	0	0.883464
12151	ctx_rh_S_collat_transv_ant	0.392157	0.784314	0.784314	0	0.884115
12152	ctx_rh_S_collat_transv_post	0.0392157	0.784314	0.784314	0	0.884766
12153	ctx_rh_S_front_inf	0.866667	0.862745	0.0784314	0	0.885417
12154	ctx_rh_S_front_middle	0.552941	0.0784314	0.392157	0	0.886068
12155	ctx_rh_S_front_sup	0.239216	0.862745	0.392157	0	0.886719
12156	ctx_rh_S_interm_prim-Jensen	0.552941	0.235294	0.0784314	0	0.88737
12157	ctx_rh_S_intrapariet_and_P_trans	0.560784	0.0784314	0.862745	0	0.888021
12158	ctx_rh_S_oc_middle_and_Lunatus	0.396078	0.235294	0.862745	0	0.888672
12159	ctx_rh_S_oc_sup_and_transversal	0.0823529	0.0784314	0.54902	0	0.889323
12160	ctx_rh_S_occipital_ant	0.239216	0.0784314	0.705882	0	0.889974
12161	ctx_rh_S_oc-temp_lat	0.866667	0.54902	0.0784314	0	0.890625
12162	ctx_rh_S_oc-temp_med_and_Lingual	0.552941	0.392157	0.862745	0	0.891276
12163	ctx_rh_S_orbital_lateral	0.866667	0.392157	0.0784314	0	0.891927
12164	ctx_rh_S_orbital_med-olfact	0.709804	0.784314	0.0784314	0	0.892578
12165	ctx_rh_S_orbital-H_Shaped	0.396078	0.0784314	0.0784314	0	0.893229
12166	ctx_rh_S_parieto_occipital	0.396078	0.392157	0.705882	0	0.89388
12167	ctx_rh_S_pericallosal	0.709804	0.862745	0.0784314	0	0.894531
12168	ctx_rh_S_postcentral	0.0823529	0.54902	0.784314	0	0.895182
12169	ctx_rh_S_precentral-inf-part	0.0823529	0.0784314	0.941176	0	0.895833
12170	ctx_rh_S_precentral-sup-part	0.0823529	0.0784314	0.784314	0	0.896484
12171	ctx_rh_S_suborbital	0.0823529	0.0784314	0.235294	0	0.897135
12172	ctx_rh_S_subparietal	0.396078	0.235294	0.235294	0	0.897786
12173	ctx_rh_S_temporal_inf	0.0823529	0.705882	0.705882	0	0.898438
12174	ctx_rh_S_temporal_sup	0.87451	0.862745	0.235294	0	0.899089
12175	ctx_rh_S_temporal_transverse	0.866667	0.235294	0.235294	0	0.89974
13100	wm_lh_Unknown	0	0	0	0	0.900391
13101	wm_lh_G_and_S_frontomargin	0.0901961	0.862745	0.235294	0	0.901042
13102	wm_lh_G_and_S_occipital_inf	0.0901961	0.235294	0.705882	0	0.901693
13103	wm_lh_G_and_S_paracentral	0.247059	0.392157	0.235294	0	0.902344
13104	wm_lh_G_and_S_subcentral	0.247059	0.0784314	0.862745	0	0.902995
13105	wm_lh_G_and_S_transv_frontopol	0.0509804	0	0.980392	0	0.903646
13106	wm_lh_G_and_S_cingul-Ant	0.101961	0.235294	0	0	0.904297
13107	wm_lh_G_and_S_cingul-Mid-Ant	0.101961	0.235294	0.294118	0	0.904948
13108	wm_lh_G_and_S_cingul-Mid-Post	0.101961	0.235294	0.588235	0	0.905599
13109	wm_lh_G_cingul-Post-dorsal	0.0980392	0.235294	0.980392	0	0.90625
13110	wm_lh_G_cingul-Post-ventral	0.235294	0.0980392	0.0980392	0	0.906901
13111	wm_lh_G_cuneus	0.705882	0.0784314	0.0784314	0	0.907552
13112	wm_lh_G_front_inf-Opercular	0.862745	0.0784314	0.392157	0	0.908203
13113	wm_lh_G_front_inf-Orbital	0.54902	0.235294	0.235294	0	0.908854
13114	wm_lh_G_front_inf-Triangul	0.705882	0.862745	0.54902	0	0.909505
13115	wm_lh_G_front_middle	0.54902	0.392157	0.705882	0	0.910156
13116	wm_lh_G_front_sup	0.705882	0.0784314	0.54902	0	0.910807
13117	wm_lh_G_Ins_lg_and_S_cent_ins	0.0901961	0.0392157	0.0392157	0	0.911458
13118	wm_lh_G_insular_short	0.882353	0.54902	0.54902	0	0.912109
13119	wm_lh_G_occipital_middle	0.705882	0.235294	0.705882	0	0.91276
13120	wm_lh_G_occipital_sup	0.0784314	0.862745	0.235294	0	0.913411
13121	wm_lh_G_oc-temp_lat-fusifor	0.235294	0.0784314	0.54902	0	0.914062
13122	wm_lh_G_oc-temp_med-Lingual	0.862745	0.705882	0.54902	0	0.914714
13123	wm_lh_G_oc-temp_med-Parahip	0.254902	0.392157	0.0784314	0	0.915365
13124	wm_lh_G_orbital	0.862745	0.235294	0.0784314	0	0.916016
13125	wm_lh_G_pariet_inf-Angular	0.0784314	0.235294	0.862745	0	0.916667
13126	wm_lh_G_pariet_inf-Supramar	0.392157	0.392157	0.235294	0	0.917318
13127	wm_lh_G_parietal_sup	0.862745	0.705882	0.862745	0	0.917969
13128	wm_lh_G_postcentral	0.0784314	0.705882	0.54902	0	0.91862
13129	wm_lh_G_precentral	0.235294	0.54902	0.705882	0	0.919271
13130	wm_lh_G_precuneus	0.0980392	0.0784314	0.54902	0	0.919922
13131	wm_lh_G_rectus	0.0784314	0.235294	0.392157	0	0.920573
13132	wm_lh_G_subcallosal	0.235294	0.862745	0.0784314	0	0.921224
13133	wm_lh_G_temp_sup-G_T_transv	0.235294	0.235294	0.862745	0	0.921875
13134	wm_lh_G_temp_sup-Lateral	0.862745	0.235294	0.862745	0	0.922526
13135	wm_lh_G_temp_sup-Plan_polar	0.254902	0.862745	0.235294	0	0.923177
13136	wm_lh_G_temp_sup-Plan_tempo	0.0980392	0.54902	0.0784314	0	0.923828
13137	wm_lh_G_temporal_inf	0.862745	0.862745	0.392157	0	0.924479
13138	wm_lh_G_temporal_middle	0.705882	0.235294	0.235294	0	0.92513
13139	wm_lh_Lat_Fis-ant-Horizont	0.239216	0.0784314	0.862745	0	0.925781
13140	wm_lh_Lat_Fis-ant-Vertical	0.239216	0.0784314	0.235294	0	0.926432
13141	wm_lh_Lat_Fis-post	0.239216	0.235294	0.392157	0	0.927083
13142	wm_lh_Medial_wall	0.0980392	0.0980392	0.0980392	0	0.927734
13143	wm_lh_Pole_occipital	0.54902	0.0784314	0.235294	0	0.928385
13144	wm_lh_Pole_temporal	0.862745	0.705882	0.0784314	0	0.929036
13145	wm_lh_S_calcarine	0.247059	0.705882	0.705882	0	0.929688
13146	wm_lh_S_central	0.866667	0.0784314	0.0392157	0	0.930339
13147	wm_lh_S_cingul-Marginalis	0.866667	0.0784314	0.392157	0	0.93099
13148	wm_lh_S_circular_insula_ant	0.866667	0.235294	0.54902	0	0.931641
13149	wm_lh_S_circular_insula_inf	0.866667	0.0784314	0.862745	0	0.932292
13150	wm_lh_S_circular_insula_sup	0.239216	0.862745	0.862745	0	0.932943
13151	wm_lh_S_collat_transv_ant	0.392157	0.784314	0.784314	0	0.933594
13152	wm_lh_S_collat_transv_post	0.0392157	0.784314	0.784314	0	0.934245
13153	wm_lh_S_front_inf	0.866667	0.862745	0.0784314	0	0.934896
13154	wm_lh_S_front_middle	0.552941	0.0784314	0.392157	0	0.935547
13155	wm_lh_S_front_sup	0.239216	0.862745	0.392157	0	0.936198
13156	wm_lh_S_interm_prim-Jensen	0.552941	0.235294	0.0784314	0	0.936849
13157	wm_lh_S_intrapariet_and_P_trans	0.560784	0.0784314	0.862745	0	0.9375
13158	wm_lh_S_oc_middle_and_Lunatus	0.396078	0.235294	0.862745	0	0.938151
13159	wm_lh_S_oc_sup_and_transversal	0.0823529	0.0784314	0.54902	0	0.938802
13160	wm_lh_S_occipital_ant	0.239216	0.0784314	0.705882	0	0.939453
13161	wm_lh_S_oc-temp_lat	0.866667	0.54902	0.0784314	0	0.940104
13162	wm_lh_S_oc-temp_med_and_Lingual	0.552941	0.392157	0.862745	0	0.940755
13163	wm_lh_S_orbital_lateral	0.866667	0.392157	0.0784314	0	0.941406
13164	wm_lh_S_orbital_med-olfact	0.709804	0.784314	0.0784314	0	0.942057
13165	wm_lh_S_orbital-H_Shaped	0.396078	0.0784314	0.0784314	0	0.942708
13166	wm_lh_S_parieto_occipital	0.396078	0.392157	0.705882	0	0.943359
13167	wm_lh_S_pericallosal	0.709804	0.862745	0.0784314	0	0.94401
13168	wm_lh_S_postcentral	0.0823529	0.54902	0.784314	0	0.944661
13169	wm_lh_S_precentral-inf-part	0.0823529	0.0784314	0.941176	0	0.945312
13170	wm_lh_S_precentral-sup-part	0.0823529	0.0784314	0.784314	0	0.945964
13171	wm_lh_S_suborbital	0.0823529	0.0784314	0.235294	0	0.946615
13172	wm_lh_S_subparietal	0.396078	0.235294	0.235294	0	0.947266
13173	wm_lh_S_temporal_inf	0.0823529	0.705882	0.705882	0	0.947917
13174	wm_lh_S_temporal_sup	0.87451	0.862745	0.235294	0	0.948568
13175	wm_lh_S_temporal_transverse	0.866667	0.235294	0.235294	0	0.949219
14100	wm_rh_Unknown	0	0	0	0	0.94987
14101	wm_rh_G_and_S_frontomargin	0.0901961	0.862745	0.235294	0	0.950521
14102	wm_rh_G_and_S_occipital_inf	0.0901961	0.235294	0.705882	0	0.951172
14103	wm_rh_G_and_S_paracentral	0.247059	0.392157	0.235294	0	0.951823
14104	wm_rh_G_and_S_subcentral	0.247059	0.0784314	0.862745	0	0.952474
14105	wm_rh_G_and_S_transv_frontopol	0.0509804	0	0.980392	0	0.953125
14106	wm_rh_G_and_S_cingul-Ant	0.101961	0.235294	0	0	0.953776
14107	wm_rh_G_and_S_cingul-Mid-Ant	0.101961	0.235294	0.294118	0	0.954427
14108	wm_rh_G_and_S_cingul-Mid-Post	0.101961	0.235294	0.588235	0	0.955078
14109	wm_rh_G_cingul-Post-dorsal	0.0980392	0.235294	0.980392	0	0.955729
14110	wm_rh_G_cingul-Post-ventral	0.235294	0.0980392	0.0980392	0	0.95638
14111	wm_rh_G_cuneus	0.705882	0.0784314	0.0784314	0	0.957031
14112	wm_rh_G_front_inf-Opercular	0.862745	0.0784314	0.392157	0	0.957682
14113	wm_rh_G_front_inf-Orbital	0.54902	0.235294	0.235294	0	0.958333
14114	wm_rh_G_front_inf-Triangul	0.705882	0.862745	0.54902	0	0.958984
14115	wm_rh_G_front_middle	0.54902	0.392157	0.705882	0	0.959635
14116	wm_rh_G_front_sup	0.705882	0.0784314	0.54902	0	0.960286
14117	wm_rh_G_Ins_lg_and_S_cent_ins	0.0901961	0.0392157	0.0392157	0	0.960938
14118	wm_rh_G_insular_short	0.882353	0.54902	0.54902	0	0.961589
14119	wm_rh_G_occipital_middle	0.705882	0.235294	0.705882	0	0.96224
14120	wm_rh_G_occipital_sup	0.0784314	0.862745	0.235294	0	0.962891
14121	wm_rh_G_oc-temp_lat-fusifor	0.235294	0.0784314	0.54902	0	0.963542
14122	wm_rh_G_oc-temp_med-Lingual	0.862745	0.705882	0.54902	0	0.964193
14123	wm_rh_G_oc-temp_med-Parahip	0.254902	0.392157	0.0784314	0	0.964844
14124	wm_rh_G_orbital	0.862745	0.235294	0.0784314	0	0.965495
14125	wm_rh_G_pariet_inf-Angular	0.0784314	0.235294	0.862745	0	0.966146
14126	wm_rh_G_pariet_inf-Supramar	0.392157	0.392157	0.235294	0	0.966797
14127	wm_rh_G_parietal_sup	0.862745	0.705882	0.862745	0	0.967448
14128	wm_rh_G_postcentral	0.0784314	0.705882	0.54902	0	0.968099
14129	wm_rh_G_precentral	0.235294	0.54902	0.705882	0	0.96875
14130	wm_rh_G_precuneus	0.0980392	0.0784314	0.54902	0	0.969401
14131	wm_rh_G_rectus	0.0784314	0.235294	0.392157	0	0.970052
14132	wm_rh_G_subcallosal	0.235294	0.862745	0.0784314	0	0.970703
14133	wm_rh_G_temp_sup-G_T_transv	0.235294	0.235294	0.862745	0	0.971354
14134	wm_rh_G_temp_sup-Lateral	0.862745	0.235294	0.862745	0	0.972005
14135	wm_rh_G_temp_sup-Plan_polar	0.254902	0.862745	0.235294	0	0.972656
14136	wm_rh_G_temp_sup-Plan_tempo	0.0980392	0.54902	0.0784314	0	0.973307
14137	wm_rh_G_temporal_inf	0.862745	0.862745	0.392157	0	0.973958
14138	wm_rh_G_temporal_middle	0.705882	0.235294	0.235294	0	0.974609
14139	wm_rh_Lat_Fis-ant-Horizont	0.239216	0.0784314	0.862745	0	0.97526
14140	wm_rh_Lat_Fis-ant-Vertical	0.239216	0.0784314	0.235294	0	0.975911
14141	wm_rh_Lat_Fis-post	0.239216	0.235294	0.392157	0	0.976562
14142	wm_rh_Medial_wall	0.0980392	0.0980392	0.0980392	0	0.977214
14143	wm_rh_Pole_occipital	0.54902	0.0784314	0.235294	0	0.977865
14144	wm_rh_Pole_temporal	0.862745	0.705882	0.0784314	0	0.978516
14145	wm_rh_S_calcarine	0.247059	0.705882	0.705882	0	0.979167
14146	wm_rh_S_central	0.866667	0.0784314	0.0392157	0	0.979818
14147	wm_rh_S_cingul-Marginalis	0.866667	0.0784314	0.392157	0	0.980469
14148	wm_rh_S_circular_insula_ant	0.866667	0.235294	0.54902	0	0.98112
14149	wm_rh_S_circular_insula_inf	0.866667	0.0784314	0.862745	0	0.981771
14150	wm_rh_S_circular_insula_sup	0.239216	0.862745	0.862745	0	0.982422
14151	wm_rh_S_collat_transv_ant	0.392157	0.784314	0.784314	0	0.983073
14152	wm_rh_S_collat_transv_post	0.0392157	0.784314	0.784314	0	0.983724
14153	wm_rh_S_front_inf	0.866667	0.862745	0.0784314	0	0.984375
14154	wm_rh_S_front_middle	0.552941	0.0784314	0.392157	0	0.985026
14155	wm_rh_S_front_sup	0.239216	0.862745	0.392157	0	0.985677
14156	wm_rh_S_interm_prim-Jensen	0.552941	0.235294	0.0784314	0	0.986328
14157	wm_rh_S_intrapariet_and_P_trans	0.560784	0.0784314	0.862745	0	0.986979
14158	wm_rh_S_oc_middle_and_Lunatus	0.396078	0.235294	0.862745	0	0.98763
14159	wm_rh_S_oc_sup_and_transversal	0.0823529	0.0784314	0.54902	0	0.988281
14160	wm_rh_S_occipital_ant	0.239216	0.0784314	0.705882	0	0.988932
14161	wm_rh_S_oc-temp_lat	0.866667	0.54902	0.0784314	0	0.989583
14162	wm_rh_S_oc-temp_med_and_Lingual	0.552941	0.392157	0.862745	0	0.990234
14163	wm_rh_S_orbital_lateral	0.866667	0.392157	0.0784314	0	0.990885
14164	wm_rh_S_orbital_med-olfact	0.709804	0.784314	0.0784314	0	0.991536
14165	wm_rh_S_orbital-H_Shaped	0.396078	0.0784314	0.0784314	0	0.992188
14166	wm_rh_S_parieto_occipital	0.396078	0.392157	0.705882	0	0.992839
14167	wm_rh_S_pericallosal	0.709804	0.862745	0.0784314	0	0.99349
14168	wm_rh_S_postcentral	0.0823529	0.54902	0.784314	0	0.994141
14169	wm_rh_S_precentral-inf-part	0.0823529	0.0784314	0.941176	0	0.994792
14170	wm_rh_S_precentral-sup-part	0.0823529	0.0784314	0.784314	0	0.995443
14171	wm_rh_S_suborbital	0.0823529	0.0784314	0.235294	0	0.996094
14172	wm_rh_S_subparietal	0.396078	0.235294	0.235294	0	0.996745
14173	wm_rh_S_temporal_inf	0.0823529	0.705882	0.705882	0	0.997396
14174	wm_rh_S_temporal_sup	0.87451	0.862745	0.235294	0	0.998047
14175	wm_rh_S_temporal_transverse	0.866667	0.235294	0.235294	0	0.998698
